
  57.90210,   58.80704,   56.81381
  57.78294,   59.43189,   56.66099
  57.48159,   58.89030,   56.33089
  57.19455,   59.18221,   56.00329
  56.68817,   59.56990,   55.43810
  56.28275,   59.12975,   54.97458
  55.57800,   58.53447,   54.20948
  55.01210,   56.98645,   53.60329
  54.18872,   56.19537,   52.73896
  53.47087,   54.35924,   52.00298
  52.22878,   54.08634,   50.72298
  51.52202,   52.72486,   49.99167
  50.44381,   52.01339,   48.88142
  49.55978,   50.29351,   47.98242
  48.60837,   50.36173,   46.99522
  47.55605,   48.16608,   45.93045
  46.75345,   46.24413,   45.13825
  45.60966,   44.06654,   44.02595
  44.28624,   44.14666,   42.70537
  43.46706,   45.46336,   41.84545
  42.59950,   44.69380,   40.93515
  41.39270,   42.88547,   39.69790
  40.30198,   42.45219,   38.56328
  39.45609,   40.47949,   37.69651
  38.15260,   38.94572,   36.37683
  37.29024,   37.47234,   35.51076
  35.97126,   36.66677,   34.17759
  35.13916,   35.42373,   33.33968
  33.84725,   34.54955,   32.03344
  33.04837,   34.20522,   31.21094
  31.90866,   32.98563,   30.04926
  30.76682,   30.85353,   28.90564
  29.75959,   29.94259,   27.89468
  28.52799,   29.12027,   26.65099
  27.47453,   28.03372,   25.58611
  26.09473,   27.36495,   24.18039
  25.07863,   24.81956,   23.16958
  24.10495,   24.67044,   22.18436
  22.89209,   24.43827,   20.93995
  21.57203,   22.65198,   19.59785
  20.48065,   21.57169,   18.48420
  19.39255,   19.74644,   17.38888
  17.91845,   18.47852,   15.90335
  16.69014,   18.12693,   14.64571
  15.28277,   16.34606,   13.21664
  13.63177,   14.34031,   11.55119
  12.34484,   12.96224,   10.25165
  10.56845,   12.46271,    8.43660
   9.19532,   10.73291,    7.03210
  10.53828,   10.13715,    8.38324
  12.37694,    8.59789,   10.29903
  14.13048,    6.62126,   12.20582
  15.39169,    3.56578,   13.70837
  16.44968,    1.49765,   15.07150
  17.91202,    0.32059,   16.89285
  18.70717,    0.44980,   18.06061
  20.18030,   -3.02801,   20.00737
  20.84398,   -3.46433,   21.16714
  21.92183,   -4.71554,   22.78861
  23.19209,   -5.37801,   24.64194
  23.82251,   -7.13480,   25.90413
  21.46156,   -7.86541,   24.14169
  19.60281,   -9.01746,   22.86703
  17.53719,  -10.79633,   21.37965
  15.97460,  -11.96561,   20.38726
  14.06274,  -14.56686,   19.05968
  12.52699,  -16.75722,   18.12156
  11.09092,  -17.66037,   17.27225
   9.35875,  -19.43618,   16.12774
   8.07559,  -19.13398,   15.39987
   6.61481,  -20.30540,   14.48849
   5.11467,  -20.38270,   13.50870
   3.74454,  -22.21913,   12.66844
   2.31337,  -23.14448,   11.75682
   0.99527,  -24.85285,   10.96624
  -0.62592,  -24.99772,    9.84242
  -1.78421,  -26.36204,    9.18572
  -3.35569,  -26.87765,    8.09429
  -4.68887,  -27.61844,    7.22906
  -5.96976,  -28.61444,    6.41030
  -7.41724,  -28.82902,    5.39979
  -8.91748,  -30.51064,    4.34024
 -10.23736,  -31.76687,    3.45973
 -11.49201,  -32.10447,    2.62575
 -12.87110,  -33.26556,    1.66287
 -14.43182,  -34.31926,    0.50801
 -15.86017,  -35.07722,   -0.52815
 -17.22073,  -36.47472,   -1.49577
 -18.97466,  -37.22738,   -2.87720
 -20.26082,  -38.08049,   -3.79970
 -22.10002,  -39.60535,   -5.28164
 -23.37891,  -40.07650,   -6.21976
 -25.14580,  -41.04365,   -7.66220
 -27.05883,  -39.64050,   -9.31846
 -28.79946,  -45.70787,  -10.71402
 -30.40727,  -46.36441,  -11.99618
 -32.05226,  -48.73974,  -13.30061
 -34.04121,  -49.69465,  -14.97010
 -35.52428,  -51.85672,  -16.11985
 -36.78446,  -52.69569,  -17.05532
 -38.03176,  -53.53218,  -17.98629
 -39.05635,  -54.95480,  -18.68642
 -40.08552,  -55.12500,  -19.40865
 -40.92863,  -55.24245,  -19.95964
 -41.60254,  -55.13113,  -20.35744
 -42.24565,  -55.83566,  -20.72321
 -42.97943,  -56.12512,  -21.18871
 -43.62025,  -57.27724,  -21.55081
 -44.36409,  -58.53163,  -22.00552
 -45.03223,  -58.78593,  -22.39296
 -45.82536,  -58.86069,  -22.92007
 -46.61783,  -59.79048,  -23.44371
 -47.31609,  -59.48027,  -23.89372
 -48.11462,  -60.09830,  -24.44769
 -48.79354,  -60.88890,  -24.87977
 -49.56829,  -61.68875,  -25.40716
 -50.11507,  -61.89127,  -25.71361
 -50.65462,  -61.98764,  -26.02186
 -51.25980,  -62.86292,  -26.39024
 -51.75722,  -63.05422,  -26.65711
 -52.27750,  -62.97892,  -26.95899
 -52.77811,  -63.85553,  -27.23353
 -53.18491,  -63.92174,  -27.42121
 -53.63409,  -63.15232,  -27.67614
 -54.00705,  -62.69693,  -27.87175
 -54.39137,  -62.80703,  -28.08433
 -55.67594,  -63.87723,  -29.20152
 -56.14815,  -64.69687,  -29.49926
 -56.85764,  -60.86234,  -30.12702
 -57.54550,  -70.04021,  -30.55988
 -58.39604,  -68.79587,  -31.19818
 -59.25764,  -68.09914,  -31.87934
 -59.89822,  -66.67044,  -32.38171
 -60.44639,  -66.93892,  -32.79738
 -61.06224,  -67.26305,  -33.28667
 -61.60709,  -67.98068,  -33.70145
 -62.17513,  -70.58531,  -34.09786
 -62.53859,  -70.39324,  -34.30102
 -62.85804,  -71.02280,  -34.45384
 -63.17592,  -71.45462,  -34.60277
 -63.44277,  -71.53329,  -34.70450
 -63.68597,  -71.61237,  -34.78594
 -63.96284,  -72.31546,  -34.89235
 -64.19011,  -71.63422,  -34.96769
 -64.41669,  -71.28248,  -35.05415
 -64.65733,  -71.43022,  -35.15657
 -64.88156,  -71.75114,  -35.24060
 -65.14422,  -72.16447,  -35.35999
 -65.37421,  -72.32327,  -35.44817
 -65.58265,  -71.72285,  -35.53129
 -65.75407,  -72.60038,  -35.56298
 -65.92128,  -72.48547,  -35.59624
 -66.04483,  -72.76880,  -35.58257
 -66.10880,  -72.41747,  -35.51779
 -66.15958,  -71.86859,  -35.45206
 -66.12344,  -71.36539,  -35.30894
 -66.07169,  -70.85396,  -35.15960
 -65.92054,  -70.77078,  -34.90946
 -65.80802,  -71.09779,  -34.68898
 -65.70866,  -71.57912,  -34.46982
 -65.43040,  -70.97899,  -34.07833
 -65.19823,  -70.66163,  -33.73466
 -64.96722,  -69.36778,  -33.41385
 -64.74520,  -69.68023,  -33.09111
 -64.45042,  -69.73113,  -32.68855
 -64.07542,  -69.31287,  -32.20666
 -63.85351,  -68.98683,  -31.87999
 -63.41773,  -68.25191,  -31.34555
 -63.05975,  -68.33767,  -30.87986
 -62.42951,  -65.47115,  -30.18754
 -62.00230,  -66.50021,  -29.66854
 -61.57593,  -64.96273,  -29.17305
 -60.99384,  -65.24620,  -28.50418
 -60.61543,  -64.84105,  -28.03953
 -60.00841,  -63.40493,  -27.36319
 -59.31698,  -64.81049,  -26.55965
 -58.69320,  -63.13986,  -25.84512
 -58.09431,  -63.38616,  -25.13823
 -57.26875,  -60.99137,  -24.23669
 -56.31548,  -60.18571,  -23.20444
 -55.44411,  -59.42472,  -22.25184
 -54.65464,  -59.23536,  -21.36888
 -53.79573,  -58.99049,  -20.40395
 -52.48687,  -57.85907,  -18.98545
 -51.55453,  -57.61474,  -17.92943
 -50.64075,  -56.01145,  -16.90605
 -49.41656,  -52.99800,  -15.60877
 -48.00403,  -52.69640,  -14.10048
 -46.68012,  -47.38925,  -12.76209
 -45.57523,  -48.29047,  -11.60179
 -44.21703,  -47.69028,  -10.17271
 -43.22240,  -47.67697,   -9.08717
 -41.89030,  -45.79806,   -7.67532
 -40.84277,  -43.39557,   -6.57568
 -39.71230,  -42.48851,   -5.38856
 -38.66234,  -42.62680,   -4.25769
 -37.39325,  -40.30167,   -2.92924
 -35.90181,  -40.38919,   -1.34623
 -34.79032,  -36.46186,   -0.20062
 -33.81338,  -36.26714,    0.82639
 -32.56775,  -36.08178,    2.14374
 -31.33513,  -34.73003,    3.44565
 -30.33277,  -33.25299,    4.50760
 -29.32225,  -30.96299,    5.55161
 -28.51600,  -30.03870,    6.38893
 -27.80734,  -29.86946,    7.13968
 -26.86262,  -28.65816,    8.12104
 -25.96767,  -29.75407,    9.09327
 -25.33399,  -28.33442,    9.78818
 -24.49275,  -27.40449,   10.68884
 -24.01655,  -26.52688,   11.21628
 -23.24597,  -26.22054,   12.04756
 -22.59897,  -25.16660,   12.74696
 -21.68821,  -23.14215,   13.68739
 -21.18442,  -23.40354,   14.23647
 -20.36333,  -22.22013,   15.09545
 -19.69092,  -20.99450,   15.79447
 -18.73411,  -19.41679,   16.76521
 -18.00274,  -18.23011,   17.50122
 -17.34050,  -17.86462,   18.17416
 -16.56247,  -17.64577,   18.97430
 -15.67373,  -17.58085,   19.90196
 -14.96853,  -17.19040,   20.65251
 -14.27911,  -15.31591,   21.36308
 -13.55951,  -14.94300,   22.11092
 -12.84116,  -14.73243,   22.86786
 -11.90359,  -13.49629,   23.83794
 -10.67455,  -11.59451,   25.08576
  -9.78799,   -8.73708,   25.95087
  -8.31549,   -8.96889,   27.43670
  -7.06208,   -8.93657,   28.72837
  -5.33128,   -8.42274,   30.52225
  -3.99967,   -7.23827,   31.91996
  -2.82029,   -6.13474,   33.16698
  -1.57846,   -4.70964,   34.47271
  -0.27124,   -3.53693,   35.84658
   1.39808,   -2.70985,   37.59974
   2.41480,   -2.60707,   38.71894
   3.40079,    0.28563,   39.76851
   4.49781,    0.16571,   40.95394
   5.57586,    2.33115,   42.09821
   6.46355,    3.29281,   43.05061
   7.20226,    3.26054,   43.86976
   7.92591,    4.94451,   44.65425
   9.01426,    6.70415,   45.78975
   9.61566,    6.46691,   46.45541
  10.62420,    7.97040,   47.51810
  11.37271,    8.71211,   48.32092
  12.28945,   10.30244,   49.27820
  13.40228,   10.79671,   50.44421
  14.25174,   12.44356,   51.33057
  14.97015,   13.26812,   52.08372
  15.59991,   13.97031,   52.74673
  16.30587,   14.29430,   53.49375
  17.05433,   14.29517,   54.29852
  17.64475,   16.09106,   54.92064
  18.28618,   16.08784,   55.60693
  18.87649,   17.22142,   56.23102
  19.47698,   17.96930,   56.86228
  20.03089,   18.63367,   57.44471
  20.48480,   19.07590,   57.92736
  21.00061,   19.31254,   58.47763
  21.51015,   20.37445,   59.01033
  22.30932,   20.53753,   59.84567
  23.07295,   21.43781,   60.64267
  23.71160,   22.05454,   61.31513
  24.52550,   22.35395,   62.17335
  25.10073,   23.65470,   62.77809
  25.62767,   23.47119,   63.34904
  26.24579,   23.79791,   64.01712
  26.88006,   24.85756,   64.69267
  27.38404,   26.61109,   65.21242
  27.85527,   26.03211,   65.72085
  28.52460,   26.57860,   66.42989
  29.23105,   27.46267,   67.17243
  29.85235,   28.28408,   67.82574
  30.35076,   29.65474,   68.33836
  30.97549,   29.34926,   68.99628
  31.49613,   30.18188,   69.54374
  32.09518,   30.59722,   70.17337
  32.75998,   32.11475,   70.85133
  33.28337,   31.86964,   71.40357
  33.77420,   32.71834,   71.91595
  34.40682,   32.70269,   72.58335
  34.82065,   33.14307,   73.03142
  35.35956,   34.44519,   73.58899
  36.07365,   33.40905,   74.35745
  36.45090,   35.79844,   74.74802
  36.96775,   35.72366,   75.29026
  37.36879,   36.06766,   75.71786
  38.00697,   36.45900,   76.38763
  38.54041,   37.14439,   76.94956
  39.00664,   37.44239,   77.44771
  39.64450,   37.85283,   78.12213
  40.30296,   37.77880,   78.83211
  40.90396,   38.43595,   79.48347
  41.52854,   39.97456,   80.13976
  42.43768,   41.21471,   81.07386
  42.97210,   41.60596,   81.63616
  43.82973,   42.98349,   82.51105
  44.38399,   42.55299,   83.10268
  45.25434,   42.56330,   84.02795
  45.82076,   43.84341,   84.63474
  46.61136,   45.30439,   85.45200
  47.46914,   46.15879,   86.33653
  47.98621,   45.55794,   86.90316
  48.94896,   47.81575,   87.88904
  49.84099,   47.85743,   88.82154
  50.70963,   48.79893,   89.72917
  51.28923,   49.28682,   90.34963
  52.18084,   49.91109,   91.28755
  52.95620,   51.17381,   92.09929
  53.99734,   52.46446,   93.17171
  54.64515,   53.85537,   93.83563
  55.37589,   53.93876,   94.59570
  56.52956,   54.94500,   95.78172
  57.19760,   55.96926,   96.47482
  58.16660,   57.21518,   97.46324
  58.76824,   58.68218,   98.06664
  59.71273,   59.08794,   99.02387
  60.51397,   59.60308,   99.84370
  61.13974,   61.49681,  100.46219
  61.64803,   61.71392,  100.96913
  62.12639,   62.34905,  101.44295
  62.81625,   62.89965,  102.13110
  63.19967,   63.64988,  102.50533
  63.66107,   63.28491,  102.97441
  63.92834,   64.52723,  103.22945
  64.23051,   64.28484,  103.53052
  64.43131,   66.19160,  103.69540
  64.59198,   64.90888,  103.84959
  64.64795,   64.26610,  103.91335
  64.69434,   65.07625,  103.95196
  64.72949,   65.02440,  103.98109
  64.72355,   64.00436,  103.98981
  64.70376,   63.81066,  103.98825
  64.67790,   64.26818,  103.97076
  64.63885,   64.11464,  103.94241
  64.60625,   63.94424,  103.92331
  64.56772,   63.56012,  103.90534
  64.53332,   64.23920,  103.87695
  64.49021,   63.91686,  103.84554
  64.43866,   64.27293,  103.79736
  64.38344,   64.10307,  103.74786
  64.30775,   64.55444,  103.66714
  64.23026,   63.96065,  103.59515
  64.07820,   67.13396,  103.38073
  63.95341,   64.85297,  103.23759
  63.71955,   61.49752,  103.04907
  63.53581,   62.14189,  102.89378
  63.36429,   63.00603,  102.72956
  63.09641,   64.07471,  102.44172
  62.90275,   62.97443,  102.24660
  62.55952,   62.74536,  101.89957
  62.20023,   62.58984,  101.53234
  61.89933,   61.96622,  101.23007
  61.64459,   62.38171,  100.96029
  61.31863,   61.12508,  100.63828
  60.86189,   61.30013,  100.17259
  60.29205,   60.75901,   99.59323
  59.97046,   62.00885,   99.23004
  59.60083,   59.94267,   98.85342
  59.08626,   58.21512,   98.35664
  58.66370,   58.32775,   97.94093
  58.30941,   58.08710,   97.59118
  57.81129,   56.72778,   97.11517
  57.47259,   57.28801,   96.78024
  56.93312,   57.20274,   96.23526
  56.49071,   57.65649,   95.76906
  56.06544,   56.23727,   95.34029
  55.69292,   54.74276,   94.98716
  55.20674,   54.00648,   94.52547
  54.70342,   55.56547,   94.00455
  54.13783,   56.69559,   93.38676
  53.65039,   55.30635,   92.86553
  52.95936,   56.07182,   92.11097
  52.18718,   53.04672,   91.32124
  51.46926,   51.26204,   90.60755
  50.50253,   52.28434,   89.60445
  49.74271,   51.30048,   88.81284
  49.01284,   48.36087,   88.09628
  48.03378,   47.88191,   87.12031
  47.34996,   49.00610,   86.40269
  46.33230,   47.99840,   85.35103
  45.54136,   46.55904,   84.53932
  44.30083,   45.83439,   83.26749
  43.50420,   43.49619,   82.47102
  42.24136,   41.96518,   81.21382
  41.44260,   41.07273,   80.42262
  40.33543,   41.57823,   79.29009
  39.10236,   41.05038,   78.01726
  38.07963,   37.53419,   77.00566
  37.13533,   37.86790,   76.04641
  35.87614,   35.76467,   74.78950
  34.74704,   35.77281,   73.63945
  33.62093,   33.74957,   72.51072
  32.25781,   32.00722,   71.15271
  31.46301,   31.09675,   70.36538
  30.54726,   29.70609,   69.46680
  29.18629,   29.36985,   68.10209
  27.95634,   27.33512,   66.88481
  27.03470,   27.75530,   65.94847
  26.19385,   26.89488,   65.09331
  25.03930,   26.29213,   63.91319
  24.28734,   24.74947,   63.15180
  23.06447,   23.97093,   61.91043
  22.03621,   23.01386,   60.86222
  21.09881,   22.14338,   59.90350
  19.93177,   20.90412,   58.71662
  18.98183,   19.63904,   57.75326
  17.83491,   19.27464,   56.57696
  16.94435,   17.63531,   55.67230
  16.04093,   17.09118,   54.74745
  14.77932,   15.41231,   53.47291
  13.92199,   15.40211,   52.58538
  12.79212,   14.26271,   51.42549
  11.44130,   12.70474,   50.04889
  10.49210,   10.76138,   49.09420
   8.96014,    9.51731,   47.55087
   7.64018,    8.29695,   46.21750
   5.85443,    7.34975,   44.40123
   4.73355,    5.67195,   43.26120
   6.61994,    4.39611,   45.19297
   8.04738,    2.65327,   46.73050
   9.26262,    1.20756,   48.11012
  10.74410,    0.13853,   49.80804
  12.10717,   -3.22342,   51.48398
  13.57041,   -6.08218,   53.34830
  15.00607,   -5.82688,   55.20912
  16.04110,   -9.19349,   56.75914
  17.06959,  -10.73764,   58.35513
  17.99709,  -10.76798,   59.86967
  18.72976,  -11.91796,   61.22781
  19.75636,  -12.35546,   62.90974
  17.51158,  -14.42750,   61.31678
  15.28249,  -15.48382,   59.71557
  13.38520,  -18.04617,   58.45974
  11.31147,  -20.48111,   57.03484
   9.43086,  -22.42457,   55.80434
   7.25198,  -22.69119,   54.23654
   5.15576,  -25.61302,   52.76826
   3.30324,  -27.70923,   51.54865
   1.61581,  -30.34274,   50.51344
  -0.35618,  -31.18012,   49.17051
  -2.22486,  -31.45289,   47.89832
  -3.87983,  -33.00385,   46.83772
  -5.76501,  -33.69706,   45.52258
  -7.34054,  -35.18919,   44.51538
  -9.19245,  -36.25040,   43.21568
 -10.69910,  -38.58845,   42.27820
 -12.22586,  -39.67733,   41.31167
 -14.04278,  -40.22493,   40.02908
 -15.95335,  -41.27481,   38.63527
 -17.77272,  -40.72786,   37.28437
 -19.43558,  -43.57719,   36.11420
 -21.41014,  -44.00895,   34.60084
 -23.12808,  -46.77843,   33.36557
 -24.69272,  -48.06452,   32.27790
 -26.45954,  -48.72731,   30.96552
 -27.95124,  -49.72912,   29.91827
 -29.31371,  -51.74844,   29.01365
 -30.81456,  -52.77099,   27.96090
 -32.21447,  -52.83110,   26.98174
 -33.45051,  -53.34447,   26.15170
 -34.87139,  -54.01925,   25.12159
 -36.26504,  -55.54487,   24.12141
 -37.63019,  -58.21233,   23.17630
 -38.79103,  -58.73643,   22.42250
 -39.97152,  -59.27368,   21.63594
 -41.21156,  -57.04530,   20.71904
 -42.20791,  -61.38335,   20.11403
 -43.46028,  -64.66853,   19.29448
 -44.39671,  -61.56968,   18.70851
 -45.20300,  -60.15895,   18.20745
 -46.08125,  -60.48827,   17.62323
 -46.76646,  -62.60881,   17.26132
 -47.54691,  -62.53851,   16.78682
 -48.14396,  -64.06429,   16.51468
 -48.82856,  -65.21140,   16.16443
 -49.43021,  -65.60403,   15.89285
 -49.94924,  -65.82551,   15.69783
 -50.42843,  -66.15745,   15.53965
 -50.90903,  -66.11308,   15.36933
 -51.31672,  -66.49880,   15.27148
 -51.72613,  -66.61195,   15.16586
 -52.08300,  -65.96300,   15.09225
 -52.40311,  -66.39085,   15.05761
 -52.69682,  -65.95506,   15.03448
 -52.97604,  -65.67585,   15.01444
 -53.20009,  -66.02987,   15.05223
 -53.46188,  -67.55068,   15.07796
 -53.71468,  -67.16613,   15.09968
 -53.93533,  -65.23134,   15.10956
 -54.16947,  -65.54559,   15.10759
 -54.41550,  -66.03127,   15.09862
 -54.65110,  -65.92980,   15.09320
 -54.88617,  -65.78206,   15.08050
 -55.09579,  -64.59078,   15.06465
 -55.30750,  -64.11993,   15.03279
 -55.51777,  -63.83960,   14.99235
 -55.74957,  -63.96443,   14.92820
 -56.01373,  -65.42752,   14.85617
 -56.29483,  -65.33836,   14.75962
 -56.56035,  -65.74142,   14.68147
 -56.83631,  -65.74546,   14.58734
 -57.09586,  -66.00148,   14.50953
 -57.34143,  -66.47652,   14.45040
 -57.54663,  -66.83185,   14.43469
 -57.70267,  -66.58659,   14.45995
 -57.79105,  -65.43521,   14.52758
 -57.88065,  -65.51759,   14.59384
 -57.97841,  -67.13530,   14.68295
 -57.99543,  -66.16261,   14.83261
 -58.05668,  -66.31664,   14.93993
 -58.01644,  -66.61353,   15.15562
 -57.87971,  -61.15081,   15.35912
 -57.76711,  -65.06406,   15.62064
 -57.80825,  -67.80332,   15.78347
 -57.75393,  -67.98972,   16.04669
 -57.70399,  -66.30505,   16.27216
 -57.66563,  -66.02066,   16.48103
 -57.57976,  -64.95597,   16.71744
 -57.59087,  -65.36152,   16.86491
 -57.54763,  -66.40479,   17.08892
 -57.53667,  -65.63969,   17.26524
 -57.53437,  -64.22940,   17.40418
 -57.58122,  -62.61998,   17.46016
 -57.71266,  -64.22130,   17.46155
 -57.93845,  -66.33188,   17.40705
 -58.15878,  -65.30063,   17.33247
 -58.40173,  -64.83436,   17.22080
 -58.66462,  -65.55311,   17.09849
 -59.13925,  -67.77385,   16.80009
 -59.45059,  -64.27101,   16.58712
 -59.53019,  -61.77975,   16.55343
 -59.64072,  -64.50366,   16.54214
 -59.79716,  -65.21384,   16.49625
 -59.84414,  -61.98064,   16.49288
 -60.02810,  -67.61978,   16.46385
 -60.19221,  -67.25394,   16.44386
 -60.25002,  -64.44984,   16.47175
 -60.34911,  -64.88004,   16.46514
 -60.46564,  -65.77689,   16.45700
 -60.65105,  -67.99635,   16.42150
 -60.84444,  -68.37294,   16.38176
 -60.95657,  -65.60857,   16.36457
 -61.06541,  -66.71304,   16.37098
 -61.11457,  -63.80804,   16.37679
 -61.15979,  -64.73846,   16.40460
 -61.17779,  -63.66917,   16.43745
 -61.17556,  -65.20805,   16.52198
 -61.09734,  -63.10171,   16.64111
 -60.99253,  -64.15001,   16.81037
 -60.72912,  -63.24333,   17.12508
 -60.43719,  -62.50338,   17.45918
 -59.71666,  -60.60493,   18.19785
 -59.30627,  -60.36065,   18.62976
 -58.54461,  -60.06720,   19.42249
 -57.82652,  -60.61194,   20.19743
 -57.08495,  -60.49894,   21.00868
 -56.06005,  -59.89642,   22.11186
 -55.16994,  -58.35117,   23.06689
 -54.06912,  -58.38433,   24.25579
 -53.16507,  -57.92764,   25.25704
 -51.63040,  -56.40379,   26.88913
 -50.23149,  -54.48087,   28.37475
 -48.96300,  -52.59363,   29.71734
 -47.39298,  -52.14605,   31.38437
 -46.24769,  -49.80243,   32.60220
 -44.61003,  -49.59124,   34.34151
 -43.63077,  -48.45714,   35.41927
 -42.47324,  -46.42355,   36.65742
 -40.73689,  -44.63493,   38.47333
 -39.39695,  -41.75577,   39.86141
 -37.57139,  -41.01022,   41.75715
 -36.39731,  -39.90501,   43.00282
 -34.47055,  -36.10881,   44.96302
 -33.28036,  -36.17073,   46.21218
 -31.40335,  -34.40212,   48.15040
 -29.74353,  -32.44038,   49.86526
 -28.41376,  -30.31589,   51.23385
 -26.57004,  -29.80480,   53.14358
 -24.52764,  -26.30225,   55.22219
 -22.89427,  -23.65537,   56.87110
 -21.25708,  -23.32465,   58.55048
 -19.32381,  -21.53972,   60.52897
 -18.21240,  -20.07753,   61.67844
 -16.16220,  -19.35309,   63.79376
 -14.78571,  -16.18270,   65.19876
 -12.86378,  -14.15668,   67.14709
 -11.71841,  -12.37331,   68.30582
  -9.78536,  -10.77249,   70.25902
  -8.27783,   -9.57388,   71.79300
  -6.29855,   -8.35053,   73.81416
  -5.17976,   -7.28375,   74.97588
  -3.34984,   -6.40360,   76.86813
  -1.89379,   -6.03542,   78.40870
  -0.12170,   -4.46821,   80.26949
   0.93276,   -1.76951,   81.37910
   2.12551,   -0.97169,   82.63506
   3.84917,    0.61379,   84.42474
   5.07807,    2.22526,   85.71186
   6.70094,    2.32692,   87.42400
   7.85636,    5.04935,   88.63670
   9.45053,    6.13626,   90.29851
  10.43017,    7.51123,   91.33772
  12.01436,    8.17273,   93.00032
  12.99270,   10.27675,   94.03409
  14.44284,   10.84562,   95.55764
  15.47123,    9.33708,   96.71122
  16.84517,    9.93880,   98.22610
  17.89658,   13.31219,   99.37107
  19.31310,   17.36664,  100.82732
  20.65637,   20.87413,  102.16615
  21.78372,   20.57426,  103.31817
  23.11350,   19.71101,  104.71739
  24.34491,   20.23631,  106.03265
  25.36621,   20.87689,  107.14557
  26.80327,   23.99250,  108.63999
  28.41430,   25.80945,  110.30418
  29.46802,   27.90086,  111.38988
  30.45525,   28.01337,  112.42694
  32.00635,   29.35591,  114.03213
  32.92112,   29.87132,  115.00915
  34.29760,   31.92446,  116.43406
  35.63818,   32.63356,  117.83595
  36.54485,   35.12122,  118.77167
  37.83405,   35.48199,  120.10888
  38.85316,   35.71581,  121.19201
  40.14170,   38.36721,  122.51677
  41.05172,   38.75854,  123.47358
  42.30624,   39.82673,  124.77870
  43.11326,   42.08784,  125.60665
  43.92799,   42.84958,  126.44339
  44.94896,   43.37778,  127.49642
  45.75451,   44.94379,  128.31851
  46.82709,   46.16491,  129.40460
  47.80304,   47.00378,  130.39687
  48.61430,   47.94826,  131.22171
  49.32294,   48.07870,  131.95573
  50.19212,   49.69828,  132.83501
  51.01896,   50.78528,  133.66661
  51.85130,   51.35895,  134.50900
  52.49367,   51.58233,  135.16997
  53.38453,   52.29854,  136.08299
  53.91601,   52.93986,  136.63438
  54.81526,   54.01964,  137.54987
  55.39750,   54.56102,  138.14919
  56.26758,   55.63058,  139.03226
  57.12616,   55.52776,  139.92346
  58.14037,   56.69083,  140.96725
  58.69173,   54.00699,  141.61423
  59.47221,   51.68990,  142.55353
  60.37328,   59.90591,  143.46413
  61.07573,   65.59624,  144.07433
  61.68694,   66.91537,  144.57883
  62.35426,   63.82848,  145.21606
  62.75057,   61.47288,  145.63846
  63.26655,   61.09017,  146.19885
  63.84277,   63.22808,  146.78761
  64.26564,   63.33580,  147.22946
  64.84292,   65.59106,  147.79146
  65.28437,   65.05920,  148.23750
  65.80028,   65.24606,  148.76472
  66.16969,   65.94161,  149.13879
  66.65530,   66.26497,  149.63237
  66.95880,   67.02639,  149.93449
  67.37106,   67.13358,  150.35161
  67.75011,   67.39268,  150.73795
  68.00691,   67.73944,  151.00020
  68.34258,   68.29568,  151.33682
  68.70522,   68.49252,  151.70381
  68.94720,   68.77381,  151.94933
  69.29613,   69.38662,  152.29642
  69.59307,   69.29819,  152.59938
  69.95425,   69.22793,  152.97539
  70.16993,   69.55309,  153.20366
  70.51581,   69.96533,  153.56078
  70.79048,   70.92054,  153.83279
  71.05116,   70.57169,  154.10327
  71.31400,   71.12450,  154.36996
  71.66639,   71.39017,  154.72800
  71.86446,   71.48763,  154.93376
  72.14217,   72.04736,  155.21341
  72.36318,   72.29742,  155.43576
  72.65682,   73.19470,  155.71841
  72.78882,   71.83881,  155.86980
  72.98650,   72.66732,  156.07399
  73.13774,   73.01672,  156.22769
  73.30939,   73.22211,  156.40112
  73.41386,   73.49013,  156.50404
  73.49680,   73.27644,  156.59148
  73.60042,   73.68626,  156.69334
  73.66466,   73.77270,  156.75539
  73.71647,   74.13165,  156.79872
  73.74007,   73.49118,  156.82739
  73.75127,   73.93938,  156.83473
  73.74255,   73.88045,  156.82320
  73.67121,   74.51162,  156.73471
  73.51262,   74.51762,  156.55562
  73.33948,   74.59631,  156.35683
  73.13642,   74.22839,  156.13148
  72.83300,   73.43236,  155.81583
  72.47839,   73.54559,  155.43944
  72.17402,   72.17462,  155.13506
  71.77499,   72.09957,  154.72940
  71.51725,   71.48463,  154.47232
  71.13023,   71.92560,  154.06908
  70.78975,   71.06223,  153.72304
  70.45788,   70.79488,  153.38428
  70.05198,   70.66560,  152.96585
  69.49835,   70.17274,  152.39845
  69.05019,   69.84709,  151.93404
  68.49178,   71.06425,  151.32310
  68.10725,   67.62887,  150.94835
  67.37505,   71.33447,  150.13535
  66.65371,   66.93597,  149.40823
  65.57310,   66.65772,  148.30548
  64.74802,   65.06464,  147.47395
  63.97547,   66.33289,  146.65329
  62.90284,   66.10963,  145.51521
  61.76555,   64.24321,  144.32736
  60.72283,   62.81345,  143.24197
  59.75007,   60.69078,  142.25002
  58.54446,   59.04341,  141.03423
  57.22171,   56.87540,  139.71854
  56.38049,   55.51680,  138.89494
  55.52602,   54.78289,  138.05563
  54.56868,   53.68576,  137.11630
  53.40924,   51.73662,  135.99100
  52.51968,   51.29893,  135.12634
  51.48096,   52.42104,  134.06845
  50.69164,   52.01579,  133.25209
  49.95233,   50.34105,  132.50485
  48.99127,   49.37653,  131.53592
  48.00545,   48.72441,  130.53543
  47.12943,   48.09287,  129.63976
  46.28590,   47.18379,  128.77789
  45.05970,   45.79245,  127.53674
  43.69142,   45.09289,  126.13985
  42.51727,   42.82795,  124.95936
  41.51665,   42.48640,  123.93895
  40.18166,   42.01752,  122.56650
  38.61872,   40.25416,  120.97018
  37.38560,   38.41108,  119.71613
  36.35767,   37.70359,  118.66074
  34.43230,   35.07325,  116.72229
  33.09624,   34.60724,  115.35539
  31.33064,   32.75311,  113.56076
  29.41589,   31.21975,  111.60920
  28.22466,   28.31500,  110.41611
  26.81876,   20.25179,  109.14424
  25.00534,   22.88544,  107.37408
  23.73417,   26.32149,  106.05012
  22.39350,   24.00628,  104.67653
  21.19989,   23.95553,  103.42668
  19.48012,   20.01396,  101.69602
  18.30967,   19.82695,  100.49460
  16.56318,   19.00315,   98.69831
  15.34400,   17.24428,   97.44035
  17.20918,   14.99840,   99.35064
  18.56817,   13.41967,  100.81471
  20.24720,   11.92670,  102.66354
  21.46646,   10.69503,  104.10263
  19.54563,    9.46828,  102.38747
  17.25004,    7.39803,  100.29294
  15.55055,    5.67460,   98.79500
  13.35043,    3.12826,   96.80350
  11.60670,    1.62282,   95.26352
   9.90914,    1.95929,   93.72820
   8.00403,   -0.07491,   91.98796
   9.79003,   -2.42148,   94.02317
  11.06984,   -5.94097,   95.65014
  12.17059,   -7.44374,   97.15118
  13.45201,   -9.94402,   98.91007
  15.01388,   -8.30211,  100.94778
  15.97547,  -10.92291,  102.45832
  16.86424,  -12.13357,  103.93888
  18.38647,  -12.89516,  106.09951
  15.86194,  -15.45812,  104.21416
  13.74394,  -17.12073,  102.72606
  11.23039,  -19.26230,  100.83481
   9.21102,  -19.87866,   99.40911
   7.35174,  -22.90585,   98.16733
   5.32081,  -24.53199,   96.74564
   3.45399,  -25.63688,   95.47251
   1.27735,  -26.59095,   93.86461
