 18.32582,   20.80063,   13.71583
  19.23435,   13.68398,   14.73763
  20.56732,   -2.49550,   16.54127
  21.38025,   14.19498,   17.50083
  22.43524,   15.04535,   18.70664
  23.58289,   26.05931,   19.80375
  25.30285,   33.44568,   21.35752
  26.12075,   35.92652,   21.97531
  27.94845,   11.63648,   24.13590
  28.31224,   22.09294,   24.62662
  29.25363,   41.74763,   25.31303
  30.05751,   30.89651,   26.09978
  30.91235,   23.07919,   27.11448
  31.97421,   38.16793,   28.04994
  32.98927,   30.57841,   29.11421
  33.95799,   36.66113,   30.02776
  34.91235,   40.34086,   30.87133
  35.81171,   38.62141,   31.71336
  37.03915,   37.48987,   32.93160
  37.83569,   38.10525,   33.72263
  39.13798,   39.72935,   35.01286
  39.68002,   43.02247,   35.48668
  40.20558,   41.39867,   35.98789
  40.93135,   44.32653,   36.64437
  41.31979,   48.03265,   36.89582
  41.63978,   44.44111,   37.15864
  41.84060,   44.71052,   37.30088
  42.02195,   44.27490,   37.43626
  42.08923,   41.97589,   37.50585
  42.13242,   41.39564,   37.56408
  42.17255,   41.38972,   37.62019
  42.24173,   42.12905,   37.69165
  42.28208,   42.65372,   37.72442
  42.30592,   42.53301,   37.74363
  42.31904,   42.38411,   37.75542
  42.31203,   41.79000,   37.75906
  42.29575,   41.48054,   37.75942
  42.29188,   41.88842,   37.76378
  42.29121,   41.79034,   37.77333
  42.28706,   41.19376,   37.79149
  42.30909,   42.22902,   37.81516
  42.33070,   42.10839,   37.84130
  42.40929,   42.35614,   37.92097
  42.46505,   42.24102,   37.98131
  42.52668,   41.50797,   38.06373
  42.60185,   41.48201,   38.16175
  42.71064,   44.23898,   38.23935
  42.83973,   43.77408,   38.34937
  42.97535,   43.86941,   38.46674
  43.09394,   44.37669,   38.55915
  43.40459,   44.38369,   38.84982
  43.48370,   42.37381,   38.95158
  43.59358,   43.41864,   39.06502
  43.71356,   43.85844,   39.18204
  43.84228,   45.15212,   39.28403
  43.96384,   44.90042,   39.38648
  44.08361,   44.21795,   39.50351
  44.22420,   46.74906,   39.59256
  44.36271,   45.78429,   39.70206
  44.47778,   46.48629,   39.77613
  44.57959,   46.82019,   39.83222
  44.62680,   45.76255,   39.85625
  44.64980,   45.44495,   39.86302
  44.65772,   45.27768,   39.85828
  44.66646,   45.41447,   39.85176
  44.67816,   45.46767,   39.84734
  44.69071,   45.40361,   39.84534
  44.68558,   44.57479,   39.84248
  44.65859,   44.15786,   39.82571
  44.63094,   44.27136,   39.80539
  44.59349,   44.96760,   39.76031
  44.56310,   45.06690,   39.71964
  44.48289,   43.71801,   39.65504
  44.41185,   43.65520,   39.59944
  44.34481,   44.26553,   39.53402
  44.30882,   44.72793,   39.48948
  44.17928,   44.96841,   39.34383
  44.07325,   44.96056,   39.21969
  43.86631,   45.02608,   38.98908
  43.76119,   45.77614,   38.84284
  43.55217,   44.60485,   38.61233
  43.39749,   45.23386,   38.42017
  43.06488,   45.66648,   38.03447
  42.62178,   44.63776,   37.55022
  42.34937,   43.96014,   37.24494
  42.06737,   43.16211,   36.94060
  41.67163,   43.29221,   36.51179
  41.37321,   41.62649,   36.20819
  40.98364,   43.74760,   35.76221
  40.58558,   39.56341,   35.38502
  40.12980,   40.07634,   34.93032
  39.45779,   43.24637,   34.18099
  38.72489,   38.61911,   33.45025
  38.12756,   37.31614,   32.86949
  37.32843,   36.77276,   32.08170
  36.61662,   36.52407,   31.37177
  35.85099,   34.18196,   30.64020
  34.85629,   33.86618,   29.66570
  34.23567,   33.93916,   29.05114
  33.36787,   32.74150,   28.19612
  32.62197,   27.73584,   27.54994
  31.65957,   28.72124,   26.64750
  30.83919,   24.81896,   25.94998
  29.94138,   26.64773,   25.11939
  29.30589,   29.47486,   24.48046
  28.69180,   28.58511,   23.86854
  27.90019,   31.26191,   23.00833
  26.90192,   22.81342,   22.09349
  26.38864,   32.88898,   21.44755
  25.54473,   25.73940,   20.59967
  24.87611,   21.90612,   19.99166
  24.08253,   28.84718,   19.10084
  23.46868,   22.17896,   18.51331
  22.86653,   22.04257,   17.92798
  22.19592,   25.71144,   17.18562
  21.72894,   23.74949,   16.67741
  21.07635,   26.28649,   15.91848
  20.29943,   21.93878,   15.10811
  19.45442,   17.16474,   14.30982
  18.84092,   21.51436,   13.64177
  18.03613,   23.29283,   12.72970
  17.10945,   14.80956,   11.84995
  16.15651,   10.53067,   11.01183
  15.42894,   16.78425,   10.25660
  14.52501,   16.50047,    9.31235
  13.39193,   10.87587,    8.23062
  12.64010,   15.04945,    7.42962
  11.85731,   10.01581,    6.68441
  10.91882,   14.70035,    5.66874
  10.11411,    6.47523,    4.93830
   9.14127,    8.23038,    3.98405
   8.18726,    5.21188,    3.09076
   7.19062,    6.67440,    2.10466
   6.36521,    8.61929,    1.23325
   5.34837,    4.78266,    0.22795
   4.46073,    4.31983,   -0.65681
   3.45602,    3.58238,   -1.66410
   2.46857,    2.06668,   -2.64336
   1.69642,    1.44970,   -3.41046
   1.01358,    1.02003,   -4.09344
   0.28226,    0.45035,   -4.82819
  -0.40542,   -0.35296,   -5.51694
  -1.15494,   -0.55358,   -6.27873
  -1.71811,   -0.47913,   -6.86719
  -2.51218,   -0.61302,   -7.70001
  -3.30662,   -0.40466,   -8.55368
  -3.84273,   -1.54642,   -9.13665
  -4.68066,   -2.52846,  -10.01851
  -5.38310,   -4.53305,  -10.73829
  -6.01067,   -5.13087,  -11.38382
  -6.88930,   -6.75192,  -12.26525
  -7.33236,   -6.32593,  -12.72885
  -7.76799,   -6.81836,  -13.18386
  -8.32824,   -7.57178,  -13.75955
  -8.98496,   -7.28504,  -14.45096
  -9.73414,   -8.77072,  -15.21980
 -10.34374,   -8.24017,  -15.87233
 -10.96816,  -10.83580,  -16.49945
 -11.77866,  -12.58406,  -17.29351
 -12.72039,  -10.53579,  -18.27983
 -13.82190,  -13.35914,  -19.39078
 -14.69630,  -13.51627,  -20.28926
 -15.81178,  -15.31825,  -21.41482
 -16.63928,  -16.43188,  -22.24655
 -17.67935,  -17.05258,  -23.29941
 -18.77772,  -16.16309,  -24.45114
 -19.50738,  -17.77932,  -25.21606
 -20.24377,  -19.14445,  -25.97489
 -21.11309,  -19.71913,  -26.87265
 -21.83609,  -22.27933,  -27.58661
 -22.35196,  -17.05481,  -28.21059
 -23.11684,  -23.66214,  -28.96433
 -23.57180,  -20.17310,  -29.48866
 -24.27517,  -24.21344,  -30.19328
 -24.86647,  -22.04118,  -30.84225
 -25.47332,  -25.63838,  -31.44573
 -26.12892,  -25.28984,  -32.11845
 -26.61885,  -26.65287,  -32.60768
 -27.07570,  -25.93837,  -33.08774
 -27.64030,  -25.85368,  -33.68880
 -28.00201,  -25.93396,  -34.09272
 -28.52106,  -27.21690,  -34.63839
 -29.12029,  -29.05764,  -35.23889
 -29.49459,  -28.56468,  -35.63218
 -30.07814,  -29.35892,  -36.23040
 -30.52533,  -29.52553,  -36.69800
 -31.08442,  -30.54121,  -37.26817
 -31.42788,  -31.67027,  -37.60669
 -31.76595,  -30.56108,  -37.96935
 -32.45943,  -30.34019,  -38.70607
 -32.89152,  -32.44360,  -39.14731
 -33.22033,  -34.23896,  -39.45532
 -33.67716,  -33.74861,  -39.91069
 -33.99433,  -33.54585,  -40.23702
 -34.34935,  -32.62825,  -40.62716
 -34.61160,  -33.92636,  -40.90339
 -34.84063,  -33.56111,  -41.15854
 -35.09628,  -34.58851,  -41.42455
 -35.32649,  -34.24640,  -41.67680
 -35.61045,  -34.89802,  -41.97530
 -35.89329,  -35.19174,  -42.27246
 -36.19035,  -35.34623,  -42.58675
 -36.40754,  -36.82718,  -42.79537
 -36.68974,  -36.62017,  -43.07899
 -36.91465,  -36.64016,  -43.30950
 -37.23861,  -36.97227,  -43.63890
 -37.58162,  -38.96587,  -43.95366
 -37.86739,  -38.41806,  -44.22820
 -38.08143,  -36.77970,  -44.46879
 -38.40737,  -38.08064,  -44.80140
 -38.60490,  -38.17893,  -45.00762
 -38.86245,  -39.05445,  -45.26125
 -39.09651,  -38.84376,  -45.50047
 -39.27324,  -38.88172,  -45.68519
 -39.47597,  -39.02547,  -45.89711
 -39.62331,  -39.19926,  -46.05310
 -39.73463,  -38.87725,  -46.18192
 -39.88451,  -38.89056,  -46.35208
 -39.98127,  -39.33834,  -46.46197
 -40.15297,  -39.82948,  -46.64027
 -40.25309,  -39.74326,  -46.75079
 -40.46313,  -40.00012,  -46.97028
 -40.59111,  -41.41159,  -47.08152
 -40.75456,  -41.18884,  -47.23610
 -40.95039,  -41.77038,  -47.41520
 -41.10834,  -41.34977,  -47.56822
 -41.26143,  -42.39974,  -47.69807
 -41.45110,  -44.11920,  -47.83329
 -41.61286,  -42.39577,  -47.97907
 -41.71711,  -42.90018,  -48.05918
 -41.87576,  -43.24327,  -48.18991
 -41.98889,  -42.70821,  -48.28837
 -42.10753,  -41.98983,  -48.40941
 -42.19326,  -42.30747,  -48.49281
 -42.30417,  -42.21641,  -48.60551
 -42.36187,  -42.58773,  -48.65860
 -42.39579,  -42.09572,  -48.69865
 -42.40381,  -41.98165,  -48.71527
 -42.41707,  -42.51176,  -48.72660
 -42.41999,  -42.58080,  -48.72623
 -42.39880,  -41.80329,  -48.71720
 -42.38067,  -41.87374,  -48.70942
 -42.35001,  -41.73676,  -48.69126
 -42.32986,  -41.98899,  -48.67807
 -42.29902,  -41.59851,  -48.66152
 -42.28157,  -41.90073,  -48.65185
 -42.25340,  -41.57425,  -48.63753
 -42.23613,  -41.78288,  -48.62951
 -42.21140,  -41.84807,  -48.61220
 -42.18096,  -41.55870,  -48.59446
 -42.14203,  -41.68509,  -48.56485
 -42.10397,  -41.47100,  -48.53971
 -42.05665,  -41.93130,  -48.49495
 -42.01362,  -41.63116,  -48.45972
 -41.95908,  -42.00926,  -48.40415
 -41.86113,  -41.12635,  -48.32119
 -41.76722,  -41.30626,  -48.23669
 -41.70785,  -40.84855,  -48.19486
 -41.61730,  -41.05135,  -48.11586
 -41.54552,  -40.80904,  -48.05911
 -41.44989,  -41.03943,  -47.97186
 -41.36911,  -40.74151,  -47.90388
 -41.26402,  -41.16204,  -47.80087
 -41.19011,  -41.57244,  -47.71916
 -41.12821,  -42.25790,  -47.63420
 -41.01683,  -41.98080,  -47.50315
 -40.94650,  -41.85420,  -47.41429
 -40.80515,  -41.71215,  -47.25443
 -40.72176,  -41.91826,  -47.14662
 -40.56015,  -42.23146,  -46.95090
 -40.45146,  -42.16439,  -46.80725
 -40.28191,  -41.69710,  -46.60883
 -40.13669,  -42.19968,  -46.42150
 -39.88248,  -42.42814,  -46.11534
 -39.68197,  -41.81100,  -45.87138
 -39.28263,  -38.00718,  -45.49807
 -38.82453,  -38.01687,  -45.05645
 -38.54298,  -40.44937,  -44.73599
 -37.85272,  -39.31393,  -44.01591
 -37.47400,  -39.05928,  -43.60484
 -37.03866,  -36.15543,  -43.18752
 -36.42231,  -35.92334,  -42.58136
 -36.03458,  -36.38000,  -42.18657
 -35.41977,  -31.47666,  -41.65224
 -34.97666,  -33.51476,  -41.23896
 -34.38402,  -35.00445,  -40.63366
 -33.85117,  -34.69261,  -40.08363
 -33.40572,  -33.96102,  -39.62686
 -32.77259,  -30.88539,  -39.03225
 -32.36393,  -30.74845,  -38.65655
 -31.84007,  -34.07469,  -38.08709
 -31.42232,  -32.71668,  -37.64292
 -30.76676,  -30.21081,  -36.99871
 -30.36563,  -29.97204,  -36.60561
 -29.68262,  -27.84397,  -35.96012
 -29.15177,  -29.33038,  -35.42563
 -28.49879,  -31.16923,  -34.71815