  -4.23701,  -18.09354, 1480.538086, 1480.538086, 1119.461914, 1119.461914
 -31.59590,  -18.36850, 1524.928467, 1524.928467, 1075.071533, 1075.071533
 -15.80797,  -18.47452, 1500.648560, 1500.648560, 1099.351440, 1099.351440
 -21.25936,  -18.75693, 1529.930786, 1529.930786, 1070.069214, 1070.069214
 -27.20673,  -19.18388, 1555.881714, 1555.881714, 1044.118286, 1044.118286
 -50.69367,  -19.67423, 1570.294678, 1570.294678, 1029.705322, 1029.705322
 -20.12016,  -19.84071, 1523.378662, 1523.378662, 1076.621338, 1076.621338
 -20.11067,  -20.01051, 1525.575684, 1525.575684, 1074.424316, 1074.424316
 -31.69090,  -20.32599, 1550.581543, 1550.581543, 1049.418457, 1049.418457
  -4.57898,  -20.27391, 1494.926880, 1494.926880, 1105.073120, 1105.073120
 -19.23281,  -20.35131, 1515.123047, 1515.123047, 1084.876953, 1084.876953
 -32.22454,  -20.48420, 1524.774902, 1524.774902, 1075.225098, 1075.225098
 -22.83043,  -20.58512, 1520.989990, 1520.989990, 1079.010010, 1079.010010
 -28.14489,  -20.67075, 1519.551758, 1519.551758, 1080.448242, 1080.448242
 -14.97370,  -20.64549, 1502.665405, 1502.665405, 1097.334595, 1097.334595
 -39.04293,  -20.86281, 1541.226929, 1541.226929, 1058.773071, 1058.773071
 -21.99163,  -20.86167, 1508.445068, 1508.445068, 1091.554932, 1091.554932
 -11.95832,  -20.80132, 1498.960571, 1498.960571, 1101.039429, 1101.039429
 -29.56721,  -20.86837, 1518.741699, 1518.741699, 1081.258301, 1081.258301
 -21.60135,  -20.85559, 1506.639648, 1506.639648, 1093.360352, 1093.360352
 -12.31052,  -20.78549, 1497.339600, 1497.339600, 1102.660400, 1102.660400
 -18.11623,  -20.70760, 1495.392090, 1495.392090, 1104.607910, 1104.607910
 -10.68714,  -20.58350, 1487.219482, 1487.219482, 1112.780518, 1112.780518
 -32.48599,  -20.65379, 1517.081909, 1517.081909, 1082.918091, 1082.918091
 -18.23820,  -20.55539, 1490.793945, 1490.793945, 1109.206055, 1109.206055
 -37.17921,  -20.66828, 1523.615967, 1523.615967, 1076.384033, 1076.384033
 -17.18484,  -20.54070, 1486.270996, 1486.270996, 1113.729004, 1113.729004
 -15.67487,  -20.49669, 1498.364868, 1498.364868, 1101.635132, 1101.635132
 -21.84328,  -20.35938, 1482.996704, 1482.996704, 1117.003296, 1117.003296
 -11.52153,  -20.22260, 1481.708984, 1481.708984, 1118.291016, 1118.291016
 -34.03856,  -20.24158, 1505.264038, 1505.264038, 1094.735962, 1094.735962
 -26.53466,  -20.18536, 1493.420166, 1493.420166, 1106.579834, 1106.579834
 -14.50655,  -20.07890, 1484.818970, 1484.818970, 1115.181030, 1115.181030
 -23.08450,  -20.00914, 1489.628662, 1489.628662, 1110.371338, 1110.371338
 -34.67146,  -20.04521, 1505.861816, 1505.861816, 1094.138184, 1094.138184
 -32.22320,  -20.00397, 1493.854126, 1493.854126, 1106.145874, 1106.145874
 -15.46709,  -19.85350, 1475.964111, 1475.964111, 1124.035889, 1124.035889
 -33.56636,  -19.87624, 1502.173218, 1502.173218, 1097.826782, 1097.826782
 -20.61688,  -19.74773, 1478.201416, 1478.201416, 1121.798584, 1121.798584
 -11.45767,  -19.57207, 1469.370728, 1469.370728, 1130.629272, 1130.629272
 -31.63461,  -19.52779, 1488.636230, 1488.636230, 1111.363770, 1111.363770
 -28.34938,  -19.49527, 1490.074341, 1490.074341, 1109.925659, 1109.925659
 -24.19769,  -19.41216, 1481.655762, 1481.655762, 1118.344238, 1118.344238
 -28.33804,  -19.37599, 1488.334229, 1488.334229, 1111.665771, 1111.665771
 -23.46439,  -19.24061, 1472.098877, 1472.098877, 1127.901123, 1127.901123
 -13.82446,  -19.10941, 1471.414551, 1471.414551, 1128.585449, 1128.585449
 -40.27120,  -19.21219, 1507.538208, 1507.538208, 1092.461792, 1092.461792
 -22.62257,  -18.96833, 1453.104248, 1453.104248, 1146.895752, 1146.895752
 -31.62721,  -18.99654, 1494.197021, 1494.197021, 1105.802979, 1105.802979
 -15.23519,  -18.82813, 1463.019897, 1463.019897, 1136.980103, 1136.980103
 -16.29863,  -18.69534, 1467.034912, 1467.034912, 1132.965088, 1132.965088
 -27.86714,  -18.56944, 1466.808960, 1466.808960, 1133.191040, 1133.191040
 -14.90978,  -18.42181, 1462.073364, 1462.073364, 1137.926636, 1137.926636
 -26.98851,  -18.22870, 1453.320801, 1453.320801, 1146.679199, 1146.679199
 -12.15114,  -17.94757, 1437.307129, 1437.307129, 1162.692871, 1162.692871
 -18.60018,  -17.75458, 1448.596558, 1448.596558, 1151.403442, 1151.403442
 -49.15904,  -17.85037, 1492.873047, 1492.873047, 1107.126953, 1107.126953
 -25.96411,  -17.71546, 1456.916748, 1456.916748, 1143.083252, 1143.083252
  -5.92901,  -17.36454, 1421.007446, 1421.007446, 1178.992554, 1178.992554
 -31.23042,  -17.27842, 1459.866699, 1459.866699, 1140.133301, 1140.133301
 -16.80174,  -16.99868, 1428.025879, 1428.025879, 1171.974121, 1171.974121
 -27.45918,  -16.93696, 1460.111938, 1460.111938, 1139.888062, 1139.888062
 -31.02345,  -16.83073, 1452.372559, 1452.372559, 1147.627441, 1147.627441
  -6.41284,  -16.49392, 1414.416992, 1414.416992, 1185.583008, 1185.583008
  -2.93057,  -16.13709, 1407.846802, 1407.846802, 1192.153198, 1192.153198
 -27.06544,  -16.09657, 1454.887451, 1454.887451, 1145.112549, 1145.112549
 -12.40617,  -15.80734, 1414.689331, 1414.689331, 1185.310669, 1185.310669
 -10.52592,  -15.54697, 1416.414673, 1416.414673, 1183.585327, 1183.585327
 -18.12589,  -15.43419, 1437.423950, 1437.423950, 1162.576050, 1162.576050
 -20.36588,  -15.20954, 1418.397949, 1418.397949, 1181.602051, 1181.602051
   1.77043,  -14.70685, 1371.665527, 1371.665527, 1228.334473, 1228.334473
 -17.29302,  -14.46837, 1408.911011, 1408.911011, 1191.088989, 1191.088989
 -14.18912,  -14.30232, 1418.115967, 1418.115967, 1181.884033, 1181.884033
 -16.58289,  -14.04861, 1402.429199, 1402.429199, 1197.570801, 1197.570801
 -45.40604,  -14.27215, 1476.253052, 1476.253052, 1123.746948, 1123.746948
  13.41360,  -13.73341, 1356.523071, 1356.523071, 1243.476929, 1243.476929
 -15.49594,  -13.67004, 1427.194946, 1427.194946, 1172.805054, 1172.805054
 -21.33900,  -13.56334, 1419.628418, 1419.628418, 1180.371582, 1180.371582
  -7.23145,  -13.36526, 1403.940674, 1403.940674, 1196.059326, 1196.059326
 -16.26087,  -13.20047, 1407.285278, 1407.285278, 1192.714722, 1192.714722
 -33.55256,  -13.38612, 1461.708862, 1461.708862, 1138.291138, 1138.291138
  38.45047,  -12.51739, 1294.864380, 1294.864380, 1305.135620, 1305.135620
 -28.60889,  -12.67265, 1450.015747, 1450.015747, 1149.984253, 1149.984253
 -20.44977,  -12.58672, 1412.977295, 1412.977295, 1187.022705, 1187.022705
  23.45434,  -12.01089, 1333.734375, 1333.734375, 1266.265625, 1266.265625
  -2.34141,  -11.76921, 1381.441406, 1381.441406, 1218.558594, 1218.558594
 -40.88939,  -12.07013, 1465.839355, 1465.839355, 1134.160645, 1134.160645
  20.46329,  -11.51979, 1332.646118, 1332.646118, 1267.353882, 1267.353882
  28.53057,  -10.91146, 1317.865112, 1317.865112, 1282.134888, 1282.134888
 -11.74500,  -10.81099, 1393.040283, 1393.040283, 1206.959717, 1206.959717
 -50.14159,  -11.27803, 1482.835571, 1482.835571, 1117.164429, 1117.164429
   6.61892,  -11.05864, 1377.677979, 1377.677979, 1222.322021, 1222.322021
  37.97615,  -10.26107, 1282.974731, 1282.974731, 1317.025269, 1317.025269
  31.31238,   -9.67227, 1308.403687, 1308.403687, 1291.596313, 1291.596313
  48.82954,   -8.95018, 1281.187134, 1281.187134, 1318.812866, 1318.812866
 -36.95113,   -9.33008, 1450.286865, 1450.286865, 1149.713135, 1149.713135
 -48.26263,  -10.01034, 1502.142090, 1502.142090, 1097.857910, 1097.857910
 -20.82884,  -10.35129, 1454.654785, 1454.654785, 1145.345215, 1145.345215
  10.17301,  -11.26623, 1549.903564, 1549.903564, 1050.096436, 1050.096436
 -30.88761,  -11.76449, 1492.384033, 1492.384033, 1107.615967, 1107.615967
 -31.89420,  -12.31221, 1505.280640, 1505.280640, 1094.719360, 1094.719360
  -8.01045,  -12.34012, 1427.587769, 1427.587769, 1172.412231, 1172.412231
 -21.34718,  -12.60806, 1466.271973, 1466.271973, 1133.728027, 1133.728027
 -14.31818,  -12.71802, 1443.673706, 1443.673706, 1156.326294, 1156.326294
 -11.71345,  -12.80126, 1440.497681, 1440.497681, 1159.502319, 1159.502319
  -4.04979,  -12.86991, 1438.996582, 1438.996582, 1161.003418, 1161.003418
 -35.46128,  -13.19690, 1481.017944, 1481.017944, 1118.982056, 1118.982056
  -0.71886,  -13.09472, 1415.620239, 1415.620239, 1184.379761, 1184.379761
 -13.23358,  -13.29249, 1462.590698, 1462.590698, 1137.409302, 1137.409302
  -9.43043,  -13.36748, 1444.923462, 1444.923462, 1155.076538, 1155.076538
 -19.30131,  -13.79364, 1501.860474, 1501.860474, 1098.139526, 1098.139526
 -37.38443,  -14.42484, 1538.927734, 1538.927734, 1061.072266, 1061.072266
  -2.52386,  -14.40465, 1441.018555, 1441.018555, 1158.981445, 1158.981445
   5.62322,  -14.85632, 1516.312988, 1516.312988, 1083.687012, 1083.687012
 -29.19799,  -15.08220, 1484.704956, 1484.704956, 1115.295044, 1115.295044
 -21.47916,  -15.10322, 1454.184326, 1454.184326, 1145.815674, 1145.815674
   9.33511,  -15.09528, 1449.762817, 1449.762817, 1150.237183, 1150.237183
  -8.88815,  -15.04154, 1442.354492, 1442.354492, 1157.645508, 1157.645508
   1.55053,  -14.63808, 1385.860840, 1385.860840, 1214.139160, 1214.139160
 -26.67978,  -14.77877, 1468.891602, 1468.891602, 1131.108398, 1131.108398
 -10.79051,  -14.56087, 1412.924194, 1412.924194, 1187.075806, 1187.075806
 -14.16117,  -14.50679, 1436.954956, 1436.954956, 1163.045044, 1163.045044
 -27.13105,  -14.67676, 1472.264038, 1472.264038, 1127.735962, 1127.735962
 -16.59536,  -14.69612, 1449.864746, 1449.864746, 1150.135254, 1150.135254
 -29.14357,  -14.77152, 1459.025513, 1459.025513, 1140.974487, 1140.974487
  -7.78826,  -14.65536, 1429.129761, 1429.129761, 1170.870239, 1170.870239
 -14.83980,  -14.67956, 1450.424316, 1450.424316, 1149.575684, 1149.575684
 -44.06402,  -15.02554, 1502.152954, 1502.152954, 1097.847046, 1097.847046
 -13.08725,  -14.90599, 1431.126953, 1431.126953, 1168.873047, 1168.873047
 -16.12842,  -14.81347, 1434.257935, 1434.257935, 1165.742065, 1165.742065
 -16.31575,  -14.85868, 1455.366821, 1455.366821, 1144.633179, 1144.633179
 -23.36768,  -14.87357, 1450.969238, 1450.969238, 1149.030762, 1149.030762
 -22.57140,  -14.87784, 1449.419922, 1449.419922, 1150.580078, 1150.580078
  -1.24876,  -14.67268, 1415.952026, 1415.952026, 1184.047974, 1184.047974
 -33.46810,  -14.87189, 1478.600952, 1478.600952, 1121.399048, 1121.399048
 -29.54488,  -14.99657, 1468.667114, 1468.667114, 1131.332886, 1131.332886
  -3.64263,  -14.81631, 1421.125244, 1421.125244, 1178.874756, 1178.874756
 -10.15139,  -14.74765, 1437.177124, 1437.177124, 1162.822876, 1162.822876
 -23.19001,  -14.85602, 1464.815552, 1464.815552, 1135.184448, 1135.184448
 -25.26511,  -14.98129, 1468.603149, 1468.603149, 1131.396851, 1131.396851
 -11.08066,  -14.92974, 1441.564697, 1441.564697, 1158.435303, 1158.435303
  -6.89469,  -14.81848, 1431.496582, 1431.496582, 1168.503418, 1168.503418
 -42.21087,  -15.20788, 1510.487793, 1510.487793, 1089.512207, 1089.512207
  -3.83462,  -15.10731, 1435.988037, 1435.988037, 1164.011963, 1164.011963
 -24.76614,  -15.17521, 1461.937744, 1461.937744, 1138.062256, 1138.062256
  -5.44394,  -15.16155, 1449.565186, 1449.565186, 1150.434814, 1150.434814
 -19.96679,  -15.28056, 1470.657715, 1470.657715, 1129.342285, 1129.342285
 -25.93808,  -15.40289, 1472.377930, 1472.377930, 1127.622070, 1127.622070
   8.41383,  -15.12639, 1409.788696, 1409.788696, 1190.211304, 1190.211304
 -29.66273,  -15.29639, 1478.464600, 1478.464600, 1121.535400, 1121.535400
   8.93749,  -14.98892, 1403.768921, 1403.768921, 1196.231079, 1196.231079
 -31.23981,  -15.25424, 1492.340820, 1492.340820, 1107.659180, 1107.659180
 -17.22076,  -15.26385, 1454.078491, 1454.078491, 1145.921509, 1145.921509
 -30.73651,  -15.41330, 1476.550659, 1476.550659, 1123.449341, 1123.449341
  -9.79493,  -15.32582, 1440.137329, 1440.137329, 1159.862671, 1159.862671
 -28.46807,  -15.28689, 1447.029297, 1447.029297, 1152.970703, 1152.970703
 -20.75060,  -15.29658, 1454.419312, 1454.419312, 1145.580688, 1145.580688
 -27.52248,  -15.43802, 1475.595337, 1475.595337, 1124.404663, 1124.404663
  -3.24625,  -15.23677, 1422.180298, 1422.180298, 1177.819702, 1177.819702
 -37.01070,  -15.49616, 1493.870972, 1493.870972, 1106.129028, 1106.129028
  -9.34646,  -15.44936, 1447.472534, 1447.472534, 1152.527466, 1152.527466
  -2.27951,  -15.12873, 1403.193359, 1403.193359, 1196.806641, 1196.806641
 -15.70246,  -15.11125, 1448.490112, 1448.490112, 1151.509888, 1151.509888
  -2.30500,  -14.92418, 1421.182007, 1421.182007, 1178.817993, 1178.817993
 -37.11192,  -15.11429, 1479.658447, 1479.658447, 1120.341553, 1120.341553
  -2.44505,  -14.82502, 1404.859863, 1404.859863, 1195.140137, 1195.140137
 -31.72517,  -14.99707, 1475.778076, 1475.778076, 1124.221924, 1124.221924
 -26.33921,  -15.07183, 1461.933350, 1461.933350, 1138.066650, 1138.066650
 -23.63722,  -15.07624, 1451.423218, 1451.423218, 1148.576782, 1148.576782
 -16.85830,  -15.08391, 1451.989502, 1451.989502, 1148.010498, 1148.010498
  -6.60455,  -14.90168, 1421.682861, 1421.682861, 1178.317139, 1178.317139
 -24.22569,  -14.97061, 1460.044556, 1460.044556, 1139.955444, 1139.955444
 -35.38851,  -15.17419, 1482.279541, 1482.279541, 1117.720459, 1117.720459
  15.57118,  -14.69092, 1374.418213, 1374.418213, 1225.581787, 1225.581787
 -37.42076,  -15.05295, 1504.833984, 1504.833984, 1095.166016, 1095.166016
 -10.80209,  -14.96808, 1436.950562, 1436.950562, 1163.049438, 1163.049438
 -20.08701,  -14.96301, 1448.870117, 1448.870117, 1151.129883, 1151.129883
  -5.92517,  -15.00621, 1456.542358, 1456.542358, 1143.457642, 1143.457642
  -1.43050,  -14.82360, 1420.843994, 1420.843994, 1179.156006, 1179.156006
 -38.71020,  -15.11167, 1494.327393, 1494.327393, 1105.672607, 1105.672607
  -1.52388,  -15.00220, 1433.600952, 1433.600952, 1166.399048, 1166.399048
 -32.30640,  -15.20417, 1482.337402, 1482.337402, 1117.662598, 1117.662598
   2.25200,  -15.07649, 1431.612793, 1431.612793, 1168.387207, 1168.387207
 -10.42202,  -15.02559, 1442.621216, 1442.621216, 1157.378784, 1157.378784
 -24.45717,  -15.12733, 1466.534912, 1466.534912, 1133.465088, 1133.465088
 -19.27693,  -15.18071, 1459.814087, 1459.814087, 1140.185913, 1140.185913
 -40.17699,  -15.60027, 1518.936523, 1518.936523, 1081.063477, 1081.063477
  -6.38846,  -15.46860, 1434.934448, 1434.934448, 1165.065552, 1165.065552
 -23.51528,  -15.58273, 1472.947754, 1472.947754, 1127.052246, 1127.052246
  -7.11933,  -15.48309, 1439.885254, 1439.885254, 1160.114746, 1160.114746
 -43.13947,  -15.96665, 1532.199951, 1532.199951, 1067.800049, 1067.800049
 -21.97600,  -16.28425, 1510.482422, 1510.482422, 1089.517578, 1089.517578
 -16.94295,  -16.29680, 1464.851196, 1464.851196, 1135.148804, 1135.148804
 -24.49892,  -16.77209, 1539.014526, 1539.014526, 1060.985474, 1060.985474
 -12.10508,  -16.84223, 1478.942627, 1478.942627, 1121.057373, 1121.057373
  -7.43795,  -16.93383, 1483.078979, 1483.078979, 1116.921021, 1116.921021
 -23.43141,  -17.21203, 1513.850098, 1513.850098, 1086.149902, 1086.149902
  -7.87651,  -17.24691, 1477.701416, 1477.701416, 1122.298584, 1122.298584
 -19.08423,  -17.56564, 1523.465210, 1523.465210, 1076.534790, 1076.534790
 -28.92682,  -18.00692, 1546.261841, 1546.261841, 1053.738159, 1053.738159
 -38.15599,  -18.62698, 1579.278442, 1579.278442, 1020.721497, 1020.721497
 -24.60159,  -19.15567, 1570.860596, 1570.860596, 1029.139404, 1029.139404
 -29.73006,  -19.53660, 1552.504883, 1552.504883, 1047.495117, 1047.495117
 -42.37579,  -20.15764, 1594.732422, 1594.732422, 1005.267517, 1005.267517
 -23.01166,  -20.73752, 1594.357788, 1594.357788, 1005.642212, 1005.642212
  -7.06837,  -20.90794, 1534.642090, 1534.642090, 1065.357910, 1065.357910
 -30.01651,  -21.60191, 1600.000000, 1600.000000, 1000.000000, 1000.000000
 -22.02173,  -22.25070, 1600.000000, 1600.000000, 1000.000000, 1000.000000
 -15.86745,  -22.85444, 1600.000000, 1600.000000, 1000.000000, 1000.000000
 -12.27196,  -23.43032, 1600.000000, 1600.000000, 1000.000000, 1000.000000
 -21.24964,  -24.15391, 1600.000000, 1600.000000, 1000.000000, 1000.000000
 -18.01385,  -24.93872, 1600.000000, 1600.000000, 1000.000000, 1000.000000
 -33.94146,  -25.59949, 1600.000000, 1600.000000, 1000.000000, 1000.000000
 -25.46289,  -26.35431, 1600.000000, 1600.000000, 1000.000000, 1000.000000
 -24.90832,  -27.03228, 1600.000000, 1600.000000, 1000.000000, 1000.000000
 -20.06999,  -27.78875, 1600.000000, 1600.000000, 1000.000000, 1000.000000
 -29.29922,  -28.91534, 1600.000000, 1600.000000, 1000.000000, 1000.000000
 -32.41211,  -29.61947, 1600.000000, 1600.000000, 1000.000000, 1000.000000
 -35.89058,  -30.56272, 1600.000000, 1600.000000, 1000.000000, 1000.000000
 -22.92650,  -31.34763, 1600.000000, 1600.000000, 1000.000000, 1000.000000
 -27.95015,  -31.94120, 1600.000000, 1600.000000, 1000.000000, 1000.000000
 -26.65969,  -32.67711, 1600.000000, 1600.000000, 1000.000000, 1000.000000
 -44.22590,  -33.51471, 1600.000000, 1600.000000, 1000.000000, 1000.000000
 -13.28166,  -34.09786, 1600.000000, 1600.000000, 1000.000000, 1000.000000
 -37.85719,  -34.95659, 1600.000000, 1600.000000, 1000.000000, 1000.000000
 -55.31814,  -36.79680, 1600.000000, 1600.000000, 1000.000000, 1000.000000
 -49.88498,  -37.77232, 1600.000000, 1600.000000, 1000.000000, 1000.000000
 -33.75637,  -38.82578, 1600.000000, 1600.000000, 1000.000000, 1000.000000
 -32.98802,  -40.03900, 1600.000000, 1600.000000, 1000.000000, 1000.000000
 -44.61282,  -41.22738, 1600.000000, 1600.000000, 1000.000000, 1000.000000
 -29.40227,  -42.05372, 1600.000000, 1600.000000, 1000.000000, 1000.000000
 -34.73950,  -43.31433, 1600.000000, 1600.000000, 1000.000000, 1000.000000
 -28.15872,  -44.13466, 1600.000000, 1600.000000, 1000.000000, 1000.000000
 -47.56525,  -45.02411, 1600.000000, 1600.000000, 1000.000000, 1000.000000
