 -35.19742,   -9.36357, 1405.333252, 1405.333252, 1194.666748, 1194.666748
 -27.19335,   -9.63146, 1395.378906, 1395.378906, 1204.621094, 1204.621094
 -19.62732,   -9.82696, 1386.768921, 1386.768921, 1213.231079, 1213.231079
 -60.37884,  -10.43611, 1455.222900, 1455.222900, 1144.777100, 1144.777100
 -29.74667,  -10.72209, 1409.927612, 1409.927612, 1190.072388, 1190.072388
  32.56918,  -10.24950, 1291.723755, 1291.723755, 1308.276245, 1308.276245
   5.49722,  -10.10449, 1339.713135, 1339.713135, 1260.286865, 1260.286865
 -33.93850,  -10.39026, 1407.501099, 1407.501099, 1192.498901, 1192.498901
  16.64996,  -10.04006, 1308.903564, 1308.903564, 1291.096436, 1291.096436
 -10.69082,  -10.02272, 1358.959961, 1358.959961, 1241.040039, 1241.040039
 -43.81148,  -10.39842, 1421.985596, 1421.985596, 1178.014404, 1178.014404
 -10.95525,  -10.38241, 1363.380005, 1363.380005, 1236.619995, 1236.619995
   9.35416,  -10.20321, 1337.415283, 1337.415283, 1262.584717, 1262.584717
  -0.06671,  -10.04841, 1339.829102, 1339.829102, 1260.170898, 1260.170898
 -34.48484,  -10.33179, 1408.698853, 1408.698853, 1191.301147, 1191.301147
 -25.70752,  -10.51452, 1395.745361, 1395.745361, 1204.254639, 1204.254639
  -7.99347,  -10.52614, 1370.510864, 1370.510864, 1229.489136, 1229.489136
 -48.82878,  -11.02724, 1449.274780, 1449.274780, 1150.725220, 1150.725220
 -11.00388,  -11.14111, 1392.662598, 1392.662598, 1207.337402, 1207.337402
   4.92390,  -11.01003, 1354.940308, 1354.940308, 1245.059692, 1245.059692
  25.32702,  -10.64330, 1316.243164, 1316.243164, 1283.756836, 1283.756836
 -10.32992,  -10.66683, 1375.339111, 1375.339111, 1224.660889, 1224.660889
 -24.29445,  -10.74261, 1384.256714, 1384.256714, 1215.743286, 1215.743286
  -7.76771,  -10.64282, 1357.241699, 1357.241699, 1242.758301, 1242.758301
 -22.53260,  -10.76337, 1391.821655, 1391.821655, 1208.178345, 1208.178345
 -50.98213,  -11.17409, 1439.789429, 1439.789429, 1160.210571, 1160.210571
   1.76195,  -11.00661, 1351.713867, 1351.713867, 1248.286133, 1248.286133
   7.87415,  -10.65819, 1321.408813, 1321.408813, 1278.591187, 1278.591187
  -2.76006,  -10.47184, 1344.170410, 1344.170410, 1255.829590, 1255.829590
   7.90419,  -10.11190, 1314.836060, 1314.836060, 1285.163940, 1285.163940
  11.47414,   -9.74555, 1310.504395, 1310.504395, 1289.495605, 1289.495605
  -1.20530,   -9.54871, 1334.247314, 1334.247314, 1265.752686, 1265.752686
  -4.96052,   -9.45246, 1348.656738, 1348.656738, 1251.343262, 1251.343262
  14.57188,   -9.14110, 1313.551880, 1313.551880, 1286.448120, 1286.448120
   1.79232,   -8.96225, 1331.909424, 1331.909424, 1268.090576, 1268.090576
 -19.74856,   -9.20220, 1397.403076, 1397.403076, 1202.596924, 1202.596924
 -40.22957,   -9.59959, 1425.281860, 1425.281860, 1174.718140, 1174.718140
 -30.63610,   -9.91237, 1416.016602, 1416.016602, 1183.983398, 1183.983398
 -51.75915,  -10.45515, 1456.256348, 1456.256348, 1143.743652, 1143.743652
 -17.01417,  -10.58619, 1396.123657, 1396.123657, 1203.876343, 1203.876343
 -13.30974,  -10.66379, 1389.204224, 1389.204224, 1210.795776, 1210.795776
  49.57561,   -9.97845, 1268.208862, 1268.208862, 1331.791138, 1331.791138
  12.24783,   -9.72707, 1331.081299, 1331.081299, 1268.918701, 1268.918701
 -25.40393,   -9.85154, 1388.998047, 1388.998047, 1211.001953, 1211.001953
  16.09342,   -9.41172, 1300.239868, 1300.239868, 1299.760132, 1299.760132
  -8.81120,   -9.27413, 1344.475586, 1344.475586, 1255.524414, 1255.524414
 -46.21951,   -9.56421, 1411.814209, 1411.814209, 1188.185791, 1188.185791
 -14.54082,   -9.52653, 1362.559082, 1362.559082, 1237.440918, 1237.440918
  17.57687,   -9.14939, 1308.143311, 1308.143311, 1291.856689, 1291.856689
 -16.81091,   -9.13276, 1362.328613, 1362.328613, 1237.671387, 1237.671387
 -20.81810,   -9.16798, 1370.732544, 1370.732544, 1229.267456, 1229.267456
  -7.06805,   -9.07448, 1350.760376, 1350.760376, 1249.239624, 1249.239624
  18.49725,   -8.72199, 1308.649902, 1308.649902, 1291.350098, 1291.350098
  -3.01601,   -8.62580, 1346.391479, 1346.391479, 1253.608521, 1253.608521
 -21.35738,   -8.72474, 1376.912231, 1376.912231, 1223.087769, 1223.087769
   2.04229,   -8.57947, 1339.086304, 1339.086304, 1260.913696, 1260.913696
   8.95690,   -8.36340, 1326.555542, 1326.555542, 1273.444458, 1273.444458
 -19.87531,   -8.49191, 1379.782227, 1379.782227, 1220.217773, 1220.217773
 -30.01556,   -8.75094, 1402.213623, 1402.213623, 1197.786377, 1197.786377
 -13.32287,   -8.78443, 1368.981201, 1368.981201, 1231.018799, 1231.018799
   0.30048,   -8.72277, 1354.353271, 1354.353271, 1245.646729, 1245.646729
 -35.73696,   -9.04835, 1415.966064, 1415.966064, 1184.033936, 1184.033936
 -48.45346,   -9.57065, 1450.984375, 1450.984375, 1149.015625, 1149.015625
 -28.46296,   -9.75876, 1403.031616, 1403.031616, 1196.968384, 1196.968384
   7.56121,   -9.57427, 1345.581909, 1345.581909, 1254.418091, 1254.418091
 -31.18489,   -9.83931, 1415.957153, 1415.957153, 1184.042847, 1184.042847
 -36.84716,  -10.14287, 1425.075073, 1425.075073, 1174.924927, 1174.924927
  20.30073,   -9.71329, 1311.100464, 1311.100464, 1288.899536, 1288.899536
  33.56227,   -9.12351, 1281.445923, 1281.445923, 1318.554077, 1318.554077
 -30.24755,   -9.19975, 1382.387329, 1382.387329, 1217.612671, 1217.612671
  23.44586,   -8.48949, 1257.564941, 1257.564941, 1342.435059, 1342.435059
  18.71667,   -7.94364, 1277.005615, 1277.005615, 1322.994385, 1322.994385
  13.02222,   -7.51715, 1290.869995, 1290.869995, 1309.130005, 1309.130005
 -46.98279,   -7.79726, 1399.895996, 1399.895996, 1200.104004, 1200.104004
 -36.40319,   -7.95023, 1382.592163, 1382.592163, 1217.407837, 1217.407837
 -12.88740,   -7.85330, 1344.374390, 1344.374390, 1255.625610, 1255.625610
 -29.80618,   -8.07354, 1394.392944, 1394.392944, 1205.607056, 1205.607056
 -39.52873,   -8.38074, 1410.761719, 1410.761719, 1189.238281, 1189.238281
  -2.49699,   -8.25948, 1345.527222, 1345.527222, 1254.472778, 1254.472778
 -12.29537,   -8.28384, 1367.863037, 1367.863037, 1232.136963, 1232.136963
  -7.91236,   -8.25482, 1359.812622, 1359.812622, 1240.187378, 1240.187378
 -19.15864,   -8.16606, 1350.209839, 1350.209839, 1249.790161, 1249.790161
  23.85025,   -7.64087, 1279.722412, 1279.722412, 1320.277588, 1320.277588
 -10.56144,   -7.50140, 1336.410767, 1336.410767, 1263.589233, 1263.589233
 -31.55035,   -7.65770, 1382.569092, 1382.569092, 1217.430908, 1217.430908
 -36.30041,   -7.82499, 1386.124268, 1386.124268, 1213.875732, 1213.875732
  -3.90128,   -7.63225, 1330.422729, 1330.422729, 1269.577271, 1269.577271
  20.90042,   -7.06664, 1269.047363, 1269.047363, 1330.952637, 1330.952637
  35.56591,   -6.39688, 1246.919434, 1246.919434, 1353.080566, 1353.080566
 -10.98533,   -6.21721, 1318.823364, 1318.823364, 1281.176636, 1281.176636
  -2.66429,   -5.93572, 1300.911987, 1300.911987, 1299.088013, 1299.088013
  24.08576,   -5.34070, 1248.093506, 1248.093506, 1351.906494, 1351.906494
  -6.20055,   -5.09427, 1298.069946, 1298.069946, 1301.930054, 1301.930054
   9.86969,   -4.72572, 1276.209229, 1276.209229, 1323.790771, 1323.790771
  22.46506,   -4.17602, 1243.663818, 1243.663818, 1356.336182, 1356.336182
   4.20600,   -3.97314, 1293.778442, 1293.778442, 1306.221558, 1306.221558
 -49.89660,   -4.39696, 1392.151978, 1392.151978, 1207.848022, 1207.848022
 -53.94319,   -4.88704, 1407.139893, 1407.139893, 1192.860107, 1192.860107
 -34.38206,   -5.25137, 1392.078369, 1392.078369, 1207.921631, 1207.921631
 -36.00573,   -5.63580, 1399.105957, 1399.105957, 1200.894043, 1200.894043
 -44.51536,   -6.06861, 1410.872559, 1410.872559, 1189.127441, 1189.127441
   2.38121,   -5.92983, 1323.925049, 1323.925049, 1276.074951, 1276.074951
  14.74950,   -5.57917, 1288.802612, 1288.802612, 1311.197388, 1311.197388
  25.31219,   -5.06959, 1260.022217, 1260.022217, 1339.977783, 1339.977783
  13.44645,   -4.65696, 1270.578491, 1270.578491, 1329.421509, 1329.421509
  21.24087,   -4.12893, 1248.110718, 1248.110718, 1351.889282, 1351.889282
  27.78443,   -3.58736, 1240.772583, 1240.772583, 1359.227417, 1359.227417
   9.55578,   -3.17332, 1255.855835, 1255.855835, 1344.144165, 1344.144165
  -4.84588,   -2.95285, 1282.776245, 1282.776245, 1317.223755, 1317.223755
  -9.38849,   -2.75062, 1283.573120, 1283.573120, 1316.426880, 1316.426880
 -23.42805,   -2.72960, 1310.624878, 1310.624878, 1289.375122, 1289.375122
 -22.73211,   -2.77579, 1321.252197, 1321.252197, 1278.747803, 1278.747803
 -31.08017,   -2.77453, 1314.204468, 1314.204468, 1285.795532, 1285.795532
  26.29395,   -2.35515, 1247.365112, 1247.365112, 1352.634888, 1352.634888
   8.88260,   -2.04512, 1260.727417, 1260.727417, 1339.272583, 1339.272583
  10.75126,   -1.78497, 1265.661011, 1265.661011, 1334.338989, 1334.338989
  26.23879,   -1.41807, 1246.022949, 1246.022949, 1353.977051, 1353.977051
  28.55572,   -1.03912, 1240.456665, 1240.456665, 1359.543335, 1359.543335
  23.76401,   -0.74186, 1249.760742, 1249.760742, 1350.239258, 1350.239258
 -11.91565,   -1.00621, 1336.674683, 1336.674683, 1263.325317, 1263.325317
  -1.06007,   -1.08607, 1309.833130, 1309.833130, 1290.166870, 1290.166870
  17.94046,   -0.95235, 1276.486816, 1276.486816, 1323.513184, 1323.513184
  13.08668,   -0.85559, 1281.088867, 1281.088867, 1318.911133, 1318.911133
 -26.78411,   -1.22992, 1355.533936, 1355.533936, 1244.466064, 1244.466064
 -15.57984,   -1.47418, 1338.509033, 1338.509033, 1261.490967, 1261.490967
 -20.62857,   -1.75284, 1346.508667, 1346.508667, 1253.491333, 1253.491333
  -0.48084,   -1.78264, 1309.531372, 1309.531372, 1290.468628, 1290.468628
   1.35723,   -1.79780, 1307.540039, 1307.540039, 1292.459961, 1292.459961
   4.55615,   -1.68149, 1286.708130, 1286.708130, 1313.291870, 1313.291870
   0.54660,   -1.55182, 1283.452393, 1283.452393, 1316.547607, 1316.547607
   9.67839,   -1.27619, 1258.842285, 1258.842285, 1341.157715, 1341.157715
  -4.67392,   -1.19767, 1287.657593, 1287.657593, 1312.342407, 1312.342407
  -9.51118,   -1.22445, 1303.757812, 1303.757812, 1296.242188, 1296.242188
  12.73768,   -1.00349, 1264.417847, 1264.417847, 1335.582153, 1335.582153
  -2.21681,   -1.01165, 1298.897705, 1298.897705, 1301.102295, 1301.102295
  -7.44258,   -1.09412, 1310.901855, 1310.901855, 1289.098145, 1289.098145
  -4.97372,   -1.18916, 1313.772461, 1313.772461, 1286.227539, 1286.227539
   0.15073,   -1.27730, 1313.657959, 1313.657959, 1286.342041, 1286.342041
  -6.03027,   -1.95611, 1409.104370, 1409.104370, 1190.895630, 1190.895630
 -38.33337,   -2.62302, 1414.068359, 1414.068359, 1185.931641, 1185.931641
 -12.24025,   -2.99154, 1373.083618, 1373.083618, 1226.916382, 1226.916382
 -22.39376,   -3.52093, 1402.614258, 1402.614258, 1197.385742, 1197.385742
   4.44381,   -3.61386, 1338.183472, 1338.183472, 1261.816528, 1261.816528
 -22.23509,   -3.99757, 1385.756836, 1385.756836, 1214.243164, 1214.243164
  35.91622,   -3.40522, 1233.527222, 1233.527222, 1366.472778, 1366.472778
  51.37820,   -2.73947, 1215.941040, 1215.941040, 1384.058960, 1384.058960
  24.75096,   -2.23774, 1235.593506, 1235.593506, 1364.406494, 1364.406494
   0.07990,   -2.03736, 1278.855103, 1278.855103, 1321.144897, 1321.144897
 -27.55013,   -2.14403, 1326.042847, 1326.042847, 1273.957153, 1273.957153
  18.24310,   -1.74040, 1245.512207, 1245.512207, 1354.487793, 1354.487793
 -21.19185,   -1.86262, 1325.669678, 1325.669678, 1274.330322, 1274.330322
 -19.34232,   -1.99405, 1328.423706, 1328.423706, 1271.576294, 1271.576294
  -7.77325,   -2.01214, 1311.666016, 1311.666016, 1288.333984, 1288.333984
  40.35119,   -1.66511, 1253.476807, 1253.476807, 1346.523193, 1346.523193
  -2.28971,   -1.79287, 1326.026367, 1326.026367, 1273.973633, 1273.973633
 -23.59769,   -2.11207, 1357.997925, 1357.997925, 1242.002075, 1242.002075
  -9.46130,   -2.35113, 1348.437378, 1348.437378, 1251.562622, 1251.562622
 -14.16863,   -2.72840, 1373.024780, 1373.024780, 1226.975220, 1226.975220
  18.73377,   -2.65162, 1304.227295, 1304.227295, 1295.772705, 1295.772705
   9.58535,   -2.65090, 1315.710205, 1315.710205, 1284.289795, 1284.289795
 -11.95324,   -2.95864, 1365.143799, 1365.143799, 1234.856201, 1234.856201
   4.77953,   -3.01772, 1328.527954, 1328.527954, 1271.472046, 1271.472046
  31.07673,   -2.79497, 1284.108521, 1284.108521, 1315.891479, 1315.891479
  14.88232,   -2.59795, 1286.076050, 1286.076050, 1313.923950, 1313.923950
 -13.82297,   -2.70976, 1333.599731, 1333.599731, 1266.400269, 1266.400269
   1.75375,   -2.56037, 1293.003174, 1293.003174, 1306.996826, 1306.996826
   0.78439,   -2.51020, 1307.458862, 1307.458862, 1292.541138, 1292.541138
   0.78470,   -2.43913, 1303.687622, 1303.687622, 1296.312378, 1296.312378
 -16.11441,   -2.53946, 1330.477173, 1330.477173, 1269.522827, 1269.522827
 -20.79860,   -2.65009, 1333.206421, 1333.206421, 1266.793579, 1266.793579
  35.80564,   -2.21419, 1246.935791, 1246.935791, 1353.064209, 1353.064209
 -14.77234,   -2.40253, 1342.526123, 1342.526123, 1257.473877, 1257.473877
 -34.19183,   -2.79044, 1376.425781, 1376.425781, 1223.574219, 1223.574219
   6.57996,   -2.83192, 1324.960693, 1324.960693, 1275.039307, 1275.039307
  -6.91660,   -3.00656, 1346.770508, 1346.770508, 1253.229492, 1253.229492
  -2.31131,   -3.16557, 1346.110474, 1346.110474, 1253.889526, 1253.889526
 -10.40871,   -3.42084, 1363.206543, 1363.206543, 1236.793457, 1236.793457
 -18.33530,   -3.80792, 1386.962769, 1386.962769, 1213.037231, 1213.037231
   6.49748,   -3.98327, 1357.075195, 1357.075195, 1242.924805, 1242.924805
  33.22515,   -3.74598, 1292.918945, 1292.918945, 1307.081055, 1307.081055
  -3.08581,   -3.89995, 1353.265137, 1353.265137, 1246.734863, 1246.734863
  -0.03982,   -3.93752, 1336.298706, 1336.298706, 1263.701294, 1263.701294
 -13.71572,   -4.16536, 1367.243896, 1367.243896, 1232.756104, 1232.756104
 -26.68074,   -4.50216, 1387.089966, 1387.089966, 1212.910034, 1212.910034
  18.53153,   -4.33147, 1309.389038, 1309.389038, 1290.610962, 1290.610962
 -15.08008,   -4.52126, 1365.493530, 1365.493530, 1234.506470, 1234.506470
   9.12294,   -4.39092, 1316.303833, 1316.303833, 1283.696167, 1283.696167
  -4.93474,   -4.36603, 1332.003296, 1332.003296, 1267.996704, 1267.996704
 -16.79054,   -4.43416, 1346.770386, 1346.770386, 1253.229614, 1253.229614
 -26.71032,   -4.64310, 1370.120483, 1370.120483, 1229.879517, 1229.879517
 -10.99709,   -4.71196, 1349.939941, 1349.939941, 1250.060059, 1250.060059
  21.27281,   -4.42059, 1293.122681, 1293.122681, 1306.877319, 1306.877319
  14.63738,   -4.22949, 1306.379517, 1306.379517, 1293.620483, 1293.620483
  22.28817,   -3.95943, 1291.953247, 1291.953247, 1308.046753, 1308.046753
 -35.87395,   -4.47109, 1414.462769, 1414.462769, 1185.537231, 1185.537231
 -31.31844,   -4.85946, 1399.998657, 1399.998657, 1200.001343, 1200.001343
 -29.62871,   -5.25462, 1405.126099, 1405.126099, 1194.873901, 1194.873901
  -3.10454,   -5.39226, 1368.036865, 1368.036865, 1231.963135, 1231.963135
 -29.71801,   -5.87434, 1424.699585, 1424.699585, 1175.300415, 1175.300415
   8.24926,   -5.87187, 1352.168213, 1352.168213, 1247.831787, 1247.831787
 -47.89412,   -6.55062, 1461.334717, 1461.334717, 1138.665283, 1138.665283
 -29.55261,   -7.03108, 1436.606812, 1436.606812, 1163.393188, 1163.393188
 -14.19200,   -7.18728, 1389.746582, 1389.746582, 1210.253418, 1210.253418
 -33.90916,   -7.54534, 1423.831787, 1423.831787, 1176.168213, 1176.168213
   9.61188,   -7.33350, 1336.449463, 1336.449463, 1263.550537, 1263.550537
  25.56094,   -6.76310, 1277.162231, 1277.162231, 1322.837769, 1322.837769
 -30.37439,   -6.78496, 1366.425537, 1366.425537, 1233.574463, 1233.574463
  36.10815,   -5.70038, 1189.782715, 1189.782715, 1410.217285, 1410.217285
  27.07749,   -5.05052, 1248.646118, 1248.646118, 1351.353882, 1351.353882
 -57.74545,   -5.37446, 1398.114746, 1398.114746, 1201.885254, 1201.885254
 -25.14275,   -5.30637, 1338.789185, 1338.789185, 1261.210815, 1261.210815
  10.82034,   -4.77434, 1264.021362, 1264.021362, 1335.978638, 1335.978638
   7.97905,   -4.31848, 1271.016968, 1271.016968, 1328.983032, 1328.983032
 -16.38834,   -4.17702, 1316.889038, 1316.889038, 1283.110962, 1283.110962
 -33.09173,   -4.26742, 1352.698120, 1352.698120, 1247.301880, 1247.301880
 -47.63256,   -4.62142, 1395.919189, 1395.919189, 1204.080811, 1204.080811
 -16.15908,   -4.68050, 1352.410889, 1352.410889, 1247.589111, 1247.589111
   9.74460,   -4.49134, 1313.417847, 1313.417847, 1286.582153, 1286.582153
 -26.21090,   -4.61788, 1362.177612, 1362.177612, 1237.822388, 1237.822388
  -5.58202,   -4.56748, 1335.268677, 1335.268677, 1264.731323, 1264.731323
  -2.88936,   -4.46002, 1325.769897, 1325.769897, 1274.230103, 1274.230103
 -19.91035,   -4.32142, 1319.842407, 1319.842407, 1280.157593, 1280.157593
   0.06014,   -4.07670, 1301.598267, 1301.598267, 1298.401733, 1298.401733
 -17.10471,   -4.09052, 1340.641357, 1340.641357, 1259.358643, 1259.358643
  36.33112,   -3.50140, 1244.414551, 1244.414551, 1355.585449, 1355.585449
  32.70054,   -2.90831, 1237.974976, 1237.974976, 1362.025024, 1362.025024
  20.66286,   -2.39779, 1245.326294, 1245.326294, 1354.673706, 1354.673706
  -6.71308,   -2.06207, 1268.251465, 1268.251465, 1331.748535, 1331.748535
 -12.90247,   -1.79507, 1275.944214, 1275.944214, 1324.055786, 1324.055786
 -20.33405,   -1.65946, 1294.345703, 1294.345703, 1305.654297, 1305.654297
 -10.91304,   -1.55258, 1297.633301, 1297.633301, 1302.366699, 1302.366699
 -22.40916,   -1.40581, 1290.223999, 1290.223999, 1309.776001, 1309.776001
  -3.07840,   -1.14682, 1270.834717, 1270.834717, 1329.165283, 1329.165283
   7.42869,   -0.63435, 1227.707642, 1227.707642, 1372.292358, 1372.292358
 -11.15157,   -0.48438, 1280.597656, 1280.597656, 1319.402344, 1319.402344
 -11.01049,   -0.32920, 1278.275024, 1278.275024, 1321.724976, 1321.724976
 -30.02860,   -0.43079, 1317.818481, 1317.818481, 1282.181519, 1282.181519
  13.43917,   -0.07959, 1246.389893, 1246.389893, 1353.610107, 1353.610107
  11.53008,    0.34460, 1231.189331, 1231.189331, 1368.810669, 1368.810669
  -4.18834,    0.46612, 1275.361938, 1275.361938, 1324.638062, 1324.638062
 -26.68937,    0.26872, 1325.164673, 1325.164673, 1274.835327, 1274.835327
  -3.95048,    0.30276, 1290.099854, 1290.099854, 1309.900146, 1309.900146
  -5.97517,    0.24178, 1304.954468, 1304.954468, 1295.045532, 1295.045532
 -14.34325,    0.04928, 1326.607178, 1326.607178, 1273.392822, 1273.392822
 -12.12335,   -0.02647, 1309.852051, 1309.852051, 1290.147949, 1290.147949
  -7.91871,   -0.13307, 1315.549927, 1315.549927, 1284.450073, 1284.450073
   7.30832,    0.05433, 1269.573608, 1269.573608, 1330.426392, 1330.426392
  17.55104,    0.34837, 1250.626465, 1250.626465, 1349.373535, 1349.373535
   4.85249,    0.51250, 1268.457275, 1268.457275, 1331.542725, 1331.542725
  25.23820,    1.12234, 1195.469360, 1195.469360, 1404.530640, 1404.530640
  23.47651,    1.59201, 1211.749756, 1211.749756, 1388.250244, 1388.250244
  17.95636,    1.99327, 1217.939087, 1217.939087, 1382.060913, 1382.060913
  25.74118,    2.48221, 1199.822266, 1199.822266, 1400.177734, 1400.177734
  20.06495,    2.94786, 1198.571167, 1198.571167, 1401.428833, 1401.428833
  21.86027,    3.41664, 1193.312744, 1193.312744, 1406.687256, 1406.687256
  16.28953,    3.82044, 1198.904541, 1198.904541, 1401.095459, 1401.095459
  47.75016,    4.43598, 1160.856934, 1160.856934, 1439.143066, 1439.143066
  31.72147,    4.72814, 1206.299683, 1206.299683, 1393.700317, 1393.700317
 -32.13699,    4.33840, 1312.353149, 1312.353149, 1287.646851, 1287.646851
  -5.06107,    4.12459, 1287.977417, 1287.977417, 1312.022583, 1312.022583
   0.80882,    3.97035, 1280.464844, 1280.464844, 1319.535156, 1319.535156
 -43.80965,    3.31974, 1361.326538, 1361.326538, 1238.673462, 1238.673462
   9.33570,    2.98819, 1316.693481, 1316.693481, 1283.306519, 1283.306519
 -22.52496,    2.08602, 1411.245850, 1411.245850, 1188.754150, 1188.754150
  17.37737,    2.12001, 1270.418945, 1270.418945, 1329.581055, 1329.581055
  11.88886,    2.13497, 1273.060303, 1273.060303, 1326.939697, 1326.939697
  -2.90323,    2.02627, 1292.633911, 1292.633911, 1307.366089, 1307.366089
   4.88130,    2.00114, 1280.290405, 1280.290405, 1319.709595, 1319.709595
 -16.50046,    1.81516, 1306.223511, 1306.223511, 1293.776489, 1293.776489
  40.87242,    2.32651, 1196.439453, 1196.439453, 1403.560547, 1403.560547
  29.79378,    2.68251, 1216.103271, 1216.103271, 1383.896729, 1383.896729
 -39.12880,    2.26653, 1335.990845, 1335.990845, 1264.009155, 1264.009155
 -14.39993,    2.09546, 1300.902100, 1300.902100, 1299.097900, 1299.097900
  -3.30093,    2.03805, 1284.366821, 1284.366821, 1315.633179, 1315.633179
 -37.13232,    1.59257, 1346.983765, 1346.983765, 1253.016235, 1253.016235
  34.36803,    1.90403, 1230.272217, 1230.272217, 1369.727783, 1369.727783
 -43.50193,    1.25480, 1380.828613, 1380.828613, 1219.171387, 1219.171387
 -22.42755,    0.93761, 1334.167114, 1334.167114, 1265.832886, 1265.832886
 -22.61038,    0.57627, 1344.386475, 1344.386475, 1255.613525, 1255.613525
 -41.34706,   -0.04209, 1389.122925, 1389.122925, 1210.877075, 1210.877075
 -29.31892,   -0.50075, 1369.770752, 1369.770752, 1230.229248, 1230.229248
 -22.63421,   -0.96934, 1375.974243, 1375.974243, 1224.025757, 1224.025757
  16.20026,   -0.96947, 1305.736816, 1305.736816, 1294.263184, 1294.263184
  31.07104,   -0.76648, 1273.261475, 1273.261475, 1326.738525, 1326.738525
  31.51354,   -0.80913, 1310.557617, 1310.557617, 1289.442383, 1289.442383
  -6.42255,   -0.93987, 1325.106567, 1325.106567, 1274.893433, 1274.893433
   2.13081,   -0.93985, 1305.521362, 1305.521362, 1294.478638, 1294.478638
 -14.62092,   -1.10357, 1331.751953, 1331.751953, 1268.248047, 1268.248047
  -3.19198,   -1.12300, 1310.337524, 1310.337524, 1289.662476, 1289.662476
 101.46278,   -0.03765, 1133.766968, 1133.766968, 1466.233032, 1466.233032
 -72.04449,    0.21847, 1255.585205, 1255.585205, 1344.414795, 1344.414795
 -44.23094,    0.94662, 1177.468994, 1177.468994, 1422.531006, 1422.531006
   6.63970,    3.74856, 1000.000000, 1000.000000, 1600.000000, 1600.000000
