
  -9.24431,   14.98871, 1100.112915, 1100.112915, 1399.887085, 1399.887085
  26.89482,   15.81097, 1091.890259, 1091.890259, 1408.109741, 1408.109741
  56.66812,   16.64979, 1083.502075, 1083.502075, 1416.497925, 1416.497925
 -28.83856,   15.66127, 1093.387329, 1093.387329, 1406.612671, 1406.612671
 -48.82770,   14.60269, 1103.973145, 1103.973145, 1396.026855, 1396.026855
  49.44796,   15.22711, 1097.728882, 1097.728882, 1402.271118, 1402.271118
  24.24678,   15.55814, 1094.418579, 1094.418579, 1405.581421, 1405.581421
   8.33525,   15.43466, 1095.653442, 1095.653442, 1404.346558, 1404.346558
 -34.73478,   14.49948, 1105.005127, 1105.005127, 1394.994873, 1394.994873
  -1.73855,   14.42011, 1105.798950, 1105.798950, 1394.201050, 1394.201050
  28.29098,   14.85054, 1101.494629, 1101.494629, 1398.505371, 1398.505371
   0.90770,   14.57623, 1104.237671, 1104.237671, 1395.762329, 1395.762329
  -9.57872,   14.12479, 1108.752075, 1108.752075, 1391.247925, 1391.247925
  15.00998,   14.37310, 1106.268921, 1106.268921, 1393.731079, 1393.731079
  32.52389,   15.01849, 1099.815063, 1099.815063, 1400.184937, 1400.184937
   6.36320,   14.87390, 1101.260986, 1101.260986, 1398.739014, 1398.739014
 -16.78798,   14.24825, 1107.517578, 1107.517578, 1392.482422, 1392.482422
  17.61980,   14.63184, 1103.681641, 1103.681641, 1396.318359, 1396.318359
 -36.46210,   13.68350, 1113.165039, 1113.165039, 1386.834961, 1386.834961
  -9.05510,   13.29007, 1117.099365, 1117.099365, 1382.900635, 1382.900635
  -6.20489,   13.23202, 1117.679810, 1117.679810, 1382.320190, 1382.320190
   7.17975,   13.27949, 1117.205078, 1117.205078, 1382.794922, 1382.794922
  26.17909,   13.53378, 1114.662231, 1114.662231, 1385.337769, 1385.337769
 -39.25531,   12.37679, 1126.232178, 1126.232178, 1373.767822, 1373.767822
  -7.93272,   12.07090, 1129.291016, 1129.291016, 1370.708984, 1370.708984
  36.18055,   12.63478, 1123.652222, 1123.652222, 1376.347778, 1376.347778
   5.92029,   12.36338, 1126.366211, 1126.366211, 1373.633789, 1373.633789
   0.66041,   12.09108, 1129.089233, 1129.089233, 1370.910767, 1370.910767
  24.38248,   12.31297, 1126.870239, 1126.870239, 1373.129761, 1373.129761
  25.75070,   12.31678, 1126.832275, 1126.832275, 1373.167725, 1373.167725
  10.29735,   12.18720, 1128.127930, 1128.127930, 1371.872070, 1371.872070
  17.28600,   12.07370, 1129.262939, 1129.262939, 1370.737061, 1370.737061
  -1.38706,   11.44830, 1135.516968, 1135.516968, 1364.483032, 1364.483032
  -1.15593,    9.81933, 1151.806763, 1151.806763, 1348.193237, 1348.193237
   5.13661,    9.28876, 1157.112427, 1157.112427, 1342.887573, 1342.887573
  14.37444,    9.00582, 1159.941772, 1159.941772, 1340.058228, 1340.058228
  14.84806,    8.77551, 1162.244873, 1162.244873, 1337.755127, 1337.755127
  22.41934,    8.54762, 1164.523804, 1164.523804, 1335.476196, 1335.476196
  17.09097,    7.96724, 1170.327637, 1170.327637, 1329.672363, 1329.672363
   7.09788,    7.37209, 1176.279175, 1176.279175, 1323.720825, 1323.720825
  -4.14972,    6.17345, 1188.265503, 1188.265503, 1311.734497, 1311.734497
  25.20824,    5.61146, 1193.885498, 1193.885498, 1306.114502, 1306.114502
  -6.58744,    4.50116, 1204.988403, 1204.988403, 1295.011597, 1295.011597
  19.08230,    3.94764, 1210.523682, 1210.523682, 1289.476318, 1289.476318
  -7.57788,    3.08752, 1219.124756, 1219.124756, 1280.875244, 1280.875244
   0.96219,    2.22956, 1227.704346, 1227.704346, 1272.295654, 1272.295654
 -14.09827,    1.25489, 1237.451050, 1237.451050, 1262.548950, 1262.548950
 -16.29045,    0.04759, 1249.524170, 1249.524170, 1250.475830, 1250.475830
 -11.11841,   -0.95552, 1259.555176, 1259.555176, 1240.444824, 1240.444824
 -21.10384,   -2.33458, 1273.345825, 1273.345825, 1226.654175, 1226.654175
  28.73826,   -2.40139, 1274.013916, 1274.013916, 1225.986084, 1225.986084
  53.67395,   -1.76117, 1267.611694, 1267.611694, 1232.388306, 1232.388306
  13.07998,   -2.12013, 1271.201294, 1271.201294, 1228.798706, 1228.798706
  43.07141,   -1.61645, 1266.164551, 1266.164551, 1233.835449, 1233.835449
  11.68296,   -1.82401, 1268.240112, 1268.240112, 1231.759888, 1231.759888
 -39.32248,   -3.08289, 1280.828857, 1280.828857, 1219.171143, 1219.171143
 -21.22762,   -3.93984, 1289.398438, 1289.398438, 1210.601562, 1210.601562
  19.15565,   -3.79940, 1287.994019, 1287.994019, 1212.005981, 1212.005981
  -9.51257,   -4.32281, 1293.228149, 1293.228149, 1206.771851, 1206.771851
  -4.07729,   -4.73997, 1297.399658, 1297.399658, 1202.600342, 1202.600342
  -1.48994,   -5.13533, 1301.353394, 1301.353394, 1198.646606, 1198.646606
   6.44651,   -5.36316, 1303.631592, 1303.631592, 1196.368408, 1196.368408
   3.80494,   -5.87874, 1308.787354, 1308.787354, 1191.212646, 1191.212646
  -2.83322,   -6.28667, 1312.866699, 1312.866699, 1187.133301, 1187.133301
  -0.80690,   -6.71673, 1317.167358, 1317.167358, 1182.832642, 1182.832642
 -58.20850,   -8.34141, 1333.414185, 1333.414185, 1166.585815, 1166.585815
   8.65696,   -8.68512, 1336.851196, 1336.851196, 1163.148804, 1163.148804
  47.47261,   -7.89091, 1328.909058, 1328.909058, 1171.090942, 1171.090942
   5.88464,   -8.12272, 1331.227173, 1331.227173, 1168.772827, 1168.772827
 -57.00551,   -9.80572, 1348.057251, 1348.057251, 1151.942749, 1151.942749
 -34.63696,  -11.51270, 1365.126953, 1365.126953, 1134.873047, 1134.873047
  33.67554,  -10.96006, 1359.600586, 1359.600586, 1140.399414, 1140.399414
 -47.28093,  -12.10262, 1371.026123, 1371.026123, 1128.973877, 1128.973877
  44.42529,  -11.06368, 1360.636841, 1360.636841, 1139.363159, 1139.363159
 -54.10801,  -12.34325, 1373.432495, 1373.432495, 1126.567505, 1126.567505
 -37.66959,  -13.22211, 1382.221069, 1382.221069, 1117.778931, 1117.778931
  36.52496,  -12.33277, 1373.327637, 1373.327637, 1126.672363, 1126.672363
   8.49350,  -12.19461, 1371.946045, 1371.946045, 1128.053955, 1128.053955
  18.26387,  -11.78181, 1367.818115, 1367.818115, 1132.181885, 1132.181885
 -12.21696,  -11.97920, 1369.791992, 1369.791992, 1130.208008, 1130.208008
   5.62770,  -11.80077, 1368.007690, 1368.007690, 1131.992310, 1131.992310
 -16.00287,  -12.22213, 1372.221313, 1372.221313, 1127.778687, 1127.778687
  -0.24344,  -12.21425, 1372.142578, 1372.142578, 1127.857422, 1127.857422
  -8.14454,  -12.40264, 1374.026367, 1374.026367, 1125.973633, 1125.973633
  25.53238,  -11.87354, 1368.735352, 1368.735352, 1131.264648, 1131.264648
  14.99274,  -11.58450, 1365.844971, 1365.844971, 1134.155029, 1134.155029
  -7.68116,  -11.73574, 1367.357422, 1367.357422, 1132.642578, 1132.642578
 -25.83516,  -12.21859, 1372.185913, 1372.185913, 1127.814087, 1127.814087
 -10.26022,  -12.42528, 1374.252808, 1374.252808, 1125.747192, 1125.747192
  16.00283,  -12.09365, 1370.936523, 1370.936523, 1129.063477, 1129.063477
 -24.75917,  -12.49034, 1374.903320, 1374.903320, 1125.096680, 1125.096680
  -9.63564,  -12.53552, 1375.355225, 1375.355225, 1124.644775, 1124.644775
 -53.13736,  -13.53568, 1385.356812, 1385.356812, 1114.643188, 1114.643188
 -10.67807,  -13.48472, 1384.847168, 1384.847168, 1115.152832, 1115.152832
 -13.47420,  -13.39248, 1383.924805, 1383.924805, 1116.075195, 1116.075195
  23.60954,  -12.58782, 1375.878174, 1375.878174, 1124.121826, 1124.121826
   8.40683,  -12.27323, 1372.732300, 1372.732300, 1127.267700, 1127.267700
 -52.70467,  -13.15023, 1381.502319, 1381.502319, 1118.497681, 1118.497681
  15.33718,  -12.43046, 1374.304688, 1374.304688, 1125.695312, 1125.695312
 -51.27437,  -13.29729, 1382.972900, 1382.972900, 1117.027100, 1117.027100
  13.57276,  -12.74061, 1377.406128, 1377.406128, 1122.593872, 1122.593872
 -40.25269,  -13.40834, 1384.083374, 1384.083374, 1115.916626, 1115.916626
 -26.07242,  -13.72729, 1387.272827, 1387.272827, 1112.727173, 1112.727173
 -28.43070,  -14.10532, 1391.053223, 1391.053223, 1108.946777, 1108.946777
 -11.82707,  -14.11666, 1391.166504, 1391.166504, 1108.833496, 1108.833496
  12.56663,  -13.64018, 1386.401855, 1386.401855, 1113.598145, 1113.598145
  25.71788,  -12.93444, 1379.344360, 1379.344360, 1120.655640, 1120.655640
  13.70955,  -12.44830, 1374.483032, 1374.483032, 1125.516968, 1125.516968
 -45.96567,  -13.14759, 1381.475830, 1381.475830, 1118.524170, 1118.524170
 -48.98490,  -13.90048, 1389.004761, 1389.004761, 1110.995239, 1110.995239
 -53.59171,  -14.71073, 1397.107300, 1397.107300, 1102.892700, 1102.892700
 -60.59536,  -15.50794, 1405.079346, 1405.079346, 1094.920654, 1094.920654
   9.90967,  -14.91806, 1399.180664, 1399.180664, 1100.819336, 1100.819336
  -8.11905,  -14.40396, 1394.039551, 1394.039551, 1105.960449, 1105.960449
 -44.93819,  -14.94735, 1399.473511, 1399.473511, 1100.526489, 1100.526489
  21.48618,  -13.78162, 1387.816162, 1387.816162, 1112.183838, 1112.183838
  22.59339,  -12.40362, 1374.036255, 1374.036255, 1125.963745, 1125.963745
 -39.15542,  -12.67101, 1376.710083, 1376.710083, 1123.289917, 1123.289917
  -4.71351,  -11.81541, 1368.154053, 1368.154053, 1131.845947, 1131.845947
 -32.40013,  -11.89886, 1368.988647, 1368.988647, 1131.011353, 1131.011353
  11.70814,  -10.80416, 1358.041626, 1358.041626, 1141.958374, 1141.958374
 -35.58775,  -10.81856, 1358.185547, 1358.185547, 1141.814453, 1141.814453
 -18.52864,  -10.36020, 1353.602051, 1353.602051, 1146.397949, 1146.397949
  36.85738,   -8.83283, 1338.328247, 1338.328247, 1161.671753, 1161.671753
  19.89017,   -6.61820, 1316.182007, 1316.182007, 1183.817993, 1183.817993
 -22.62066,   -6.19642, 1311.964111, 1311.964111, 1188.035889, 1188.035889
  28.88675,   -4.75757, 1297.575684, 1297.575684, 1202.424316, 1202.424316
  -2.64360,   -4.03180, 1290.317993, 1290.317993, 1209.682007, 1209.682007
 -30.80840,   -3.77573, 1287.757324, 1287.757324, 1212.242676, 1212.242676
  14.59567,   -2.51923, 1275.192261, 1275.192261, 1224.807739, 1224.807739
  16.14566,   -0.99704, 1259.970459, 1259.970459, 1240.029541, 1240.029541
  24.71180,    0.14765, 1248.523438, 1248.523438, 1251.476562, 1251.476562
   9.05872,    1.03139, 1239.686035, 1239.686035, 1260.313965, 1260.313965
  22.41263,    2.09797, 1229.020264, 1229.020264, 1270.979736, 1270.979736
   6.51272,    2.91891, 1220.810913, 1220.810913, 1279.189087, 1279.189087
  -5.55455,    3.56688, 1214.331177, 1214.331177, 1285.668823, 1285.668823
  19.62396,    4.79659, 1202.034058, 1202.034058, 1297.965942, 1297.965942
  38.56798,    6.33981, 1186.601929, 1186.601929, 1313.398071, 1313.398071
  44.58546,    8.12658, 1168.734253, 1168.734253, 1331.265747, 1331.265747
  -1.16091,    8.48636, 1165.136475, 1165.136475, 1334.863525, 1334.863525
   7.70375,    9.13811, 1158.618896, 1158.618896, 1341.381104, 1341.381104
  -3.67182,    9.65445, 1153.455566, 1153.455566, 1346.544434, 1346.544434
 -42.61316,    9.04697, 1159.530273, 1159.530273, 1340.469727, 1340.469727
 -41.61341,    8.61380, 1163.861938, 1163.861938, 1336.138062, 1336.138062
 -31.57855,    8.45196, 1165.480347, 1165.480347, 1334.519653, 1334.519653
 -10.56174,    8.41554, 1165.844604, 1165.844604, 1334.155396, 1334.155396
 -36.57922,    7.92249, 1170.775146, 1170.775146, 1329.224854, 1329.224854
   8.18151,    8.28166, 1167.183350, 1167.183350, 1332.816650, 1332.816650
  29.69911,    9.05730, 1159.427002, 1159.427002, 1340.572998, 1340.572998
  -9.31884,    8.85777, 1161.422363, 1161.422363, 1338.577637, 1338.577637
  19.64063,    9.24051, 1157.594849, 1157.594849, 1342.405151, 1342.405151
  43.32684,   10.49107, 1145.089355, 1145.089355, 1354.910645, 1354.910645
   0.60982,   10.43890, 1145.611084, 1145.611084, 1354.388916, 1354.388916
  -2.47093,   10.34634, 1146.536621, 1146.536621, 1353.463379, 1353.463379
   2.71966,   10.38023, 1146.197754, 1146.197754, 1353.802246, 1353.802246
  -7.73365,   10.12282, 1148.771851, 1148.771851, 1351.228149, 1351.228149
  25.42500,   10.54117, 1144.588257, 1144.588257, 1355.411743, 1355.411743
  23.38280,   10.90841, 1140.915894, 1140.915894, 1359.084106, 1359.084106
  24.52074,   11.27726, 1137.227417, 1137.227417, 1362.772583, 1362.772583
  16.57332,   11.59514, 1134.048584, 1134.048584, 1365.951416, 1365.951416
  -2.48478,   11.63567, 1133.643311, 1133.643311, 1366.356689, 1366.356689
  25.89494,   12.13460, 1128.654053, 1128.654053, 1371.345947, 1371.345947
   7.93642,   12.23400, 1127.659912, 1127.659912, 1372.340088, 1372.340088
  26.32211,   12.68474, 1123.152588, 1123.152588, 1376.847412, 1376.847412
   4.39905,   12.68096, 1123.190430, 1123.190430, 1376.809570, 1376.809570
   2.04223,   12.57540, 1124.245972, 1124.245972, 1375.754028, 1375.754028
   3.21766,   12.49654, 1125.034546, 1125.034546, 1374.965454, 1374.965454
 -18.94337,   12.02188, 1129.781128, 1129.781128, 1370.218872, 1370.218872
 -12.49107,   11.80416, 1131.958374, 1131.958374, 1368.041626, 1368.041626
 -24.67321,   11.29114, 1137.088623, 1137.088623, 1362.911377, 1362.911377
 -17.59999,   10.98979, 1140.102051, 1140.102051, 1359.897949, 1359.897949
   4.89389,   11.18692, 1138.130859, 1138.130859, 1361.869141, 1361.869141
   5.52049,   11.46620, 1135.338013, 1135.338013, 1364.661987, 1364.661987
  31.64234,   12.20985, 1127.901489, 1127.901489, 1372.098511, 1372.098511
  47.47613,   13.24288, 1117.571289, 1117.571289, 1382.428711, 1382.428711
  29.88382,   13.72279, 1112.772095, 1112.772095, 1387.227905, 1387.227905
  40.10205,   14.28684, 1107.131592, 1107.131592, 1392.868408, 1392.868408
 -39.55674,   13.11710, 1118.829102, 1118.829102, 1381.170898, 1381.170898
 -37.39663,   11.96039, 1130.396118, 1130.396118, 1369.603882, 1369.603882
 -18.75368,   11.39545, 1136.045532, 1136.045532, 1363.954468, 1363.954468
  -2.16039,   11.18553, 1138.144775, 1138.144775, 1361.855225, 1361.855225
  20.15289,   11.50296, 1134.970459, 1134.970459, 1365.029541, 1365.029541
  29.32154,   11.94999, 1130.500122, 1130.500122, 1369.499878, 1369.499878
  39.01643,   12.49610, 1125.038940, 1125.038940, 1374.961060, 1374.961060
  52.07081,   13.18515, 1118.148438, 1118.148438, 1381.851562, 1381.851562
  48.09218,   13.71324, 1112.867554, 1112.867554, 1387.132446, 1387.132446
  36.19934,   14.02264, 1109.773682, 1109.773682, 1390.226318, 1390.226318
  46.36106,   14.48278, 1105.172119, 1105.172119, 1394.827881, 1394.827881
  40.09150,   14.66087, 1103.391235, 1103.391235, 1396.608765, 1396.608765
  74.63360,   15.46467, 1095.353271, 1095.353271, 1404.646729, 1404.646729
  44.29725,   15.49767, 1095.023315, 1095.023315, 1404.976685, 1404.976685
 -27.40174,   14.21583, 1107.841675, 1107.841675, 1392.158325, 1392.158325
 -19.47719,   13.14836, 1118.516357, 1118.516357, 1381.483643, 1381.483643
  -9.67709,   12.39223, 1126.077637, 1126.077637, 1373.922363, 1373.922363
  17.72574,   12.16296, 1128.370361, 1128.370361, 1371.629639, 1371.629639
  32.76449,   12.20813, 1127.918701, 1127.918701, 1372.081299, 1372.081299
  33.37337,   12.09755, 1129.024536, 1129.024536, 1370.975464, 1370.975464
  67.85440,   12.57286, 1124.271362, 1124.271362, 1375.728638, 1375.728638
  76.30433,   13.06045, 1119.395508, 1119.395508, 1380.604492, 1380.604492
 -45.43818,   11.21167, 1137.883301, 1137.883301, 1362.116699, 1362.116699
 -18.30925,    9.81617, 1151.838257, 1151.838257, 1348.161743, 1348.161743
 -13.07755,    8.80105, 1161.989502, 1161.989502, 1338.010498, 1338.010498
  -3.23256,    7.93397, 1170.660278, 1170.660278, 1329.339722, 1329.339722
  16.47924,    7.34521, 1176.547974, 1176.547974, 1323.452026, 1323.452026
  39.04307,    7.19770, 1178.022949, 1178.022949, 1321.977051, 1321.977051
  35.25960,    6.78963, 1182.103760, 1182.103760, 1317.896240, 1317.896240
  17.24037,    6.04694, 1189.530640, 1189.530640, 1310.469360, 1310.469360
  30.37252,    5.71768, 1192.823242, 1192.823242, 1307.176758, 1307.176758
  22.36146,    5.16098, 1198.390259, 1198.390259, 1301.609741, 1301.609741
 -29.62024,    3.63546, 1213.645386, 1213.645386, 1286.354614, 1286.354614
 -21.21722,    2.22209, 1227.779053, 1227.779053, 1272.220947, 1272.220947
 -32.16642,    0.71890, 1242.811035, 1242.811035, 1257.188965, 1257.188965
  -5.88672,   -0.31169, 1253.116943, 1253.116943, 1246.883057, 1246.883057
   3.96877,   -1.01716, 1260.171631, 1260.171631, 1239.828369, 1239.828369
  31.64177,   -1.13521, 1261.352051, 1261.352051, 1238.647949, 1238.647949
  33.98061,   -1.18656, 1261.865601, 1261.865601, 1238.134399, 1238.134399
  43.27874,   -0.97798, 1259.779785, 1259.779785, 1240.220215, 1240.220215
  30.29728,   -0.99284, 1259.928345, 1259.928345, 1240.071655, 1240.071655
  28.92887,   -1.04686, 1260.468628, 1260.468628, 1239.531372, 1239.531372
 -37.33202,   -2.40703, 1274.070312, 1274.070312, 1225.929688, 1225.929688
 -27.97866,   -3.59741, 1285.974121, 1285.974121, 1214.025879, 1214.025879
 -22.28746,   -4.52994, 1295.299316, 1295.299316, 1204.700684, 1204.700684
  46.61721,   -4.00608, 1290.060791, 1290.060791, 1209.939209, 1209.939209
  44.91520,   -3.39677, 1283.967773, 1283.967773, 1216.032227, 1216.032227
 -13.54083,   -4.08091, 1290.809082, 1290.809082, 1209.190918, 1209.190918
  -6.14026,   -4.45874, 1294.587402, 1294.587402, 1205.412598, 1205.412598
 -20.31265,   -5.17498, 1301.749756, 1301.749756, 1198.250244, 1198.250244
 -40.24408,   -6.33343, 1313.334351, 1313.334351, 1186.665649, 1186.665649
 -18.05596,   -6.79532, 1317.953125, 1317.953125, 1182.046875, 1182.046875
  17.99626,   -6.48867, 1314.886719, 1314.886719, 1185.113281, 1185.113281
   4.09398,   -6.56605, 1315.660522, 1315.660522, 1184.339478, 1184.339478
   3.80738,   -6.48213, 1314.821289, 1314.821289, 1185.178711, 1185.178711
 -50.07809,   -7.53568, 1325.356812, 1325.356812, 1174.643188, 1174.643188
 -51.29348,   -8.77791, 1337.779053, 1337.779053, 1162.220947, 1162.220947
 -43.16159,   -9.77886, 1347.788574, 1347.788574, 1152.211426, 1152.211426
 -13.07924,  -10.13525, 1351.352539, 1351.352539, 1148.647461, 1148.647461
  12.34801,   -9.75498, 1347.549805, 1347.549805, 1152.450195, 1152.450195
 -47.62359,  -10.73118, 1357.311768, 1357.311768, 1142.688232, 1142.688232
 -45.26571,  -11.69532, 1366.953125, 1366.953125, 1133.046875, 1133.046875
  22.28579,  -11.02794, 1360.279419, 1360.279419, 1139.720581, 1139.720581
 -53.49253,  -12.17624, 1371.762451, 1371.762451, 1128.237549, 1128.237549
  -7.29504,  -12.12547, 1371.254761, 1371.254761, 1128.745239, 1128.745239
 -63.30038,  -13.37812, 1383.781250, 1383.781250, 1116.218750, 1116.218750
 -21.65922,  -13.62416, 1386.241699, 1386.241699, 1113.758301, 1113.758301
 -25.66154,  -13.98064, 1389.806396, 1389.806396, 1110.193604, 1110.193604
 -41.89199,  -14.60345, 1396.034424, 1396.034424, 1103.965576, 1103.965576
 -25.79063,  -14.83861, 1398.386108, 1398.386108, 1101.613892, 1101.613892
 -34.85942,  -15.25197, 1402.519653, 1402.519653, 1097.480347, 1097.480347
 -16.62017,  -15.21208, 1402.120850, 1402.120850, 1097.879150, 1097.879150
 -39.91768,  -15.67891, 1406.789062, 1406.789062, 1093.210938, 1093.210938
  29.99872,  -14.67202, 1396.720215, 1396.720215, 1103.279785, 1103.279785
  14.08175,  -14.05825, 1390.582520, 1390.582520, 1109.417480, 1109.417480
 -36.71407,  -14.26487, 1392.648682, 1392.648682, 1107.351318, 1107.351318
  13.57084,  -13.48554, 1384.855469, 1384.855469, 1115.144531, 1115.144531
  15.79909,  -12.67117, 1376.711670, 1376.711670, 1123.288330, 1123.288330
  39.34013,  -11.42348, 1364.234863, 1364.234863, 1135.765137, 1135.765137
  39.33339,  -10.23731, 1352.373169, 1352.373169, 1147.626831, 1147.626831
 -45.99724,  -10.90995, 1359.099487, 1359.099487, 1140.900513, 1140.900513
 -40.70403,  -11.47058, 1364.705811, 1364.705811, 1135.294189, 1135.294189
 -40.37800,  -11.98115, 1369.811523, 1369.811523, 1130.188477, 1130.188477
 -40.36913,  -12.46138, 1374.613770, 1374.613770, 1125.386230, 1125.386230
 -18.15336,  -12.36670, 1373.666992, 1373.666992, 1126.333008, 1126.333008
  14.14250,  -11.55397, 1365.539795, 1365.539795, 1134.460205, 1134.460205
  -5.80843,  -11.21990, 1362.198975, 1362.198975, 1137.801025, 1137.801025
  -2.72998,  -10.82957, 1358.295654, 1358.295654, 1141.704346, 1141.704346
 -13.68224,  -10.70302, 1357.030151, 1357.030151, 1142.969849, 1142.969849
 -34.65623,  -11.04182, 1360.418213, 1360.418213, 1139.581787, 1139.581787
 -35.93591,  -11.38343, 1363.834229, 1363.834229, 1136.165771, 1136.165771
  -6.35320,  -11.05170, 1360.516968, 1360.516968, 1139.483032, 1139.483032
  -4.79593,  -10.72247, 1357.224609, 1357.224609, 1142.775391, 1142.775391
  33.43737,   -9.52842, 1345.284180, 1345.284180, 1154.715820, 1154.715820
  25.93215,   -8.51762, 1335.176270, 1335.176270, 1164.823730, 1164.823730
  25.35705,   -7.42496, 1324.249634, 1324.249634, 1175.750366, 1175.750366
 -11.93028,   -7.15160, 1321.515991, 1321.515991, 1178.484009, 1178.484009
 -40.33929,   -7.28957, 1322.895752, 1322.895752, 1177.104248, 1177.104248
 -31.32894,   -7.31160, 1323.116089, 1323.116089, 1176.883911, 1176.883911
 -33.54169,   -7.23945, 1322.394531, 1322.394531, 1177.605469, 1177.605469
 -28.88829,   -7.09496, 1320.949585, 1320.949585, 1179.050415, 1179.050415
  -2.86770,   -6.23927, 1312.392700, 1312.392700, 1187.607300, 1187.607300
 -28.55347,   -5.68644, 1306.864380, 1306.864380, 1193.135620, 1193.135620
   5.24721,   -4.74270, 1297.427002, 1297.427002, 1202.572998, 1202.572998
 -24.25066,   -4.53098, 1295.309814, 1295.309814, 1204.690186, 1204.690186
  11.15921,   -3.43825, 1284.382446, 1284.382446, 1215.617554, 1215.617554
 -36.61568,   -3.42733, 1284.273315, 1284.273315, 1215.726685, 1215.726685
 -11.88175,   -2.76148, 1277.614868, 1277.614868, 1222.385132, 1222.385132
 -28.84145,   -2.57582, 1275.758179, 1275.758179, 1224.241821, 1224.241821
  22.15219,   -1.16236, 1261.623657, 1261.623657, 1238.376343, 1238.376343
   6.64037,   -0.30979, 1253.097900, 1253.097900, 1246.902100, 1246.902100
  40.67392,    1.42248, 1235.775146, 1235.775146, 1264.224854, 1264.224854
 -14.81865,    1.78680, 1232.131958, 1232.131958, 1267.868042, 1267.868042
  12.27147,    2.82931, 1221.706909, 1221.706909, 1278.293091, 1278.293091
  23.45283,    3.91480, 1210.852051, 1210.852051, 1289.147949, 1289.147949
 -47.17422,    3.50782, 1214.921753, 1214.921753, 1285.078247, 1285.078247
  57.63911,    5.36821, 1196.317993, 1196.317993, 1303.682007, 1303.682007
 -42.22226,    4.83543, 1201.645630, 1201.645630, 1298.354370, 1298.354370
  34.38681,    6.10392, 1188.960815, 1188.960815, 1311.039185, 1311.039185
 -60.28822,    5.23896, 1197.610474, 1197.610474, 1302.389526, 1302.389526
  18.66228,    5.99410, 1190.058960, 1190.058960, 1309.941040, 1309.941040
  33.94636,    7.15895, 1178.410400, 1178.410400, 1321.589600, 1321.589600
  -7.55136,    7.14312, 1178.568726, 1178.568726, 1321.431274, 1321.431274
 -14.65612,    6.99704, 1180.029541, 1180.029541, 1319.970459, 1319.970459
  32.32973,    7.83922, 1171.607788, 1171.607788, 1328.392212, 1328.392212
 -21.19565,    7.51139, 1174.886108, 1174.886108, 1325.113892, 1325.113892
  -4.87132,    7.37708, 1176.229248, 1176.229248, 1323.770752, 1323.770752
  33.73717,    8.08289, 1169.171143, 1169.171143, 1330.828857, 1330.828857
 -23.95702,    7.54457, 1174.554321, 1174.554321, 1325.445679, 1325.445679
  53.53347,    8.73159, 1162.684082, 1162.684082, 1337.315918, 1337.315918
  28.80748,    9.25463, 1157.453735, 1157.453735, 1342.546265, 1342.546265
 -17.12118,    8.80966, 1161.903320, 1161.903320, 1338.096680, 1338.096680
 -20.25421,    8.29068, 1167.093262, 1167.093262, 1332.906738, 1332.906738
 -39.48518,    7.37500, 1176.250000, 1176.250000, 1323.750000, 1323.750000
 -10.78963,    7.07875, 1179.212402, 1179.212402, 1320.787598, 1320.787598
  -6.27357,    6.83831, 1181.616943, 1181.616943, 1318.383057, 1318.383057
 -24.59890,    6.20943, 1187.905640, 1187.905640, 1312.094360, 1312.094360
 -14.59215,    5.81810, 1191.819092, 1191.819092, 1308.180908, 1308.180908
 -10.04421,    5.50452, 1194.954834, 1194.954834, 1305.045166, 1305.045166
  11.94039,    5.63813, 1193.618774, 1193.618774, 1306.381226, 1306.381226
  43.27350,    6.43073, 1185.692627, 1185.692627, 1314.307373, 1314.307373
  40.40179,    7.10008, 1178.999146, 1178.999146, 1321.000854, 1321.000854
  55.16177,    8.16291, 1168.370850, 1168.370850, 1331.629150, 1331.629150
  25.31364,    8.53126, 1164.687378, 1164.687378, 1335.312622, 1335.312622
  55.33221,    9.60678, 1153.932129, 1153.932129, 1346.067871, 1346.067871
  29.19042,   10.08271, 1149.172852, 1149.172852, 1350.827148, 1350.827148
  43.35005,   10.90339, 1140.966187, 1140.966187, 1359.033813, 1359.033813
  43.98014,   11.69995, 1133.000488, 1133.000488, 1366.999512, 1366.999512
  41.06171,   12.40793, 1125.920654, 1125.920654, 1374.079346, 1374.079346
  42.44733,   13.18791, 1118.120850, 1118.120850, 1381.879150, 1381.879150
  37.11903,   13.83912, 1111.608765, 1111.608765, 1388.391235, 1388.391235
   5.83744,   13.88476, 1111.152344, 1111.152344, 1388.847656, 1388.847656
 -26.19522,   13.18534, 1118.146606, 1118.146606, 1381.853394, 1381.853394
  -2.33456,   13.04479, 1119.552124, 1119.552124, 1380.447876, 1380.447876
 -20.80108,   12.44049, 1125.595215, 1125.595215, 1374.404785, 1374.404785
   8.37724,   12.47479, 1125.252075, 1125.252075, 1374.747925, 1374.747925
   4.38164,   12.34816, 1126.518433, 1126.518433, 1373.481567, 1373.481567
  18.31239,   12.46378, 1125.362183, 1125.362183, 1374.637817, 1374.637817
  14.43301,   12.37867, 1126.213257, 1126.213257, 1373.786743, 1373.786743
 -22.65992,   11.58558, 1134.144165, 1134.144165, 1365.855835, 1365.855835
   1.00810,   11.30914, 1136.908691, 1136.908691, 1363.091309, 1363.091309
 -12.69521,   10.72494, 1142.750610, 1142.750610, 1357.249390, 1357.249390
  32.89264,   11.04872, 1139.512817, 1139.512817, 1360.487183, 1360.487183
  22.11413,   11.06097, 1139.390381, 1139.390381, 1360.609619, 1360.609619
  25.94918,   11.04261, 1139.573853, 1139.573853, 1360.426147, 1360.426147
  -2.96944,   10.46698, 1145.330200, 1145.330200, 1354.669800, 1354.669800
 -11.93940,    9.78360, 1152.163940, 1152.163940, 1347.836060, 1347.836060
  11.99579,    9.62800, 1153.719971, 1153.719971, 1346.280029, 1346.280029
   9.42032,    9.42229, 1155.777100, 1155.777100, 1344.222900, 1344.222900
  16.88141,    9.33870, 1156.613037, 1156.613037, 1343.386963, 1343.386963
  20.68614,    9.29117, 1157.088257, 1157.088257, 1342.911743, 1342.911743
   7.78937,    8.87445, 1161.255493, 1161.255493, 1338.744507, 1338.744507
  -7.57207,    8.25456, 1167.454468, 1167.454468, 1332.545532, 1332.545532
 -21.45191,    7.40439, 1175.956177, 1175.956177, 1324.043823, 1324.043823
 -20.50850,    6.66033, 1183.396729, 1183.396729, 1316.603271, 1316.603271
 -14.85000,    6.00475, 1189.952515, 1189.952515, 1310.047485, 1310.047485
  11.25409,    5.96345, 1190.365479, 1190.365479, 1309.634521, 1309.634521
   3.34355,    5.71150, 1192.885010, 1192.885010, 1307.114990, 1307.114990
   2.20590,    5.41112, 1195.888794, 1195.888794, 1304.111206, 1304.111206
  28.68731,    5.53419, 1194.658081, 1194.658081, 1305.341919, 1305.341919
  25.47819,    5.66857, 1193.314209, 1193.314209, 1306.685791, 1306.685791
  22.07395,    5.75786, 1192.421387, 1192.421387, 1307.578613, 1307.578613
  20.36838,    5.78565, 1192.143555, 1192.143555, 1307.856445, 1307.856445
  27.49169,    5.99855, 1190.014404, 1190.014404, 1309.985596, 1309.985596
  13.21924,    5.92768, 1190.723267, 1190.723267, 1309.276733, 1309.276733
  32.63166,    6.20116, 1187.988403, 1187.988403, 1312.011597, 1312.011597
  35.50075,    6.61200, 1183.880005, 1183.880005, 1316.119995, 1316.119995
 -27.56602,    5.54767, 1194.523315, 1194.523315, 1305.476685, 1305.476685
 -36.25592,    4.42137, 1205.786255, 1205.786255, 1294.213745, 1294.213745
  36.62868,    4.90520, 1200.947998, 1200.947998, 1299.052002, 1299.052002
  29.49492,    5.13799, 1198.620117, 1198.620117, 1301.379883, 1301.379883
  46.37111,    5.79940, 1192.005981, 1192.005981, 1307.994019, 1307.994019
  10.25379,    5.58678, 1194.132202, 1194.132202, 1305.867798, 1305.867798
 -39.06784,    4.40119, 1205.988037, 1205.988037, 1294.011963, 1294.011963
 -32.58767,    3.43313, 1215.668701, 1215.668701, 1284.331299, 1284.331299
  23.65205,    3.56397, 1214.360229, 1214.360229, 1285.639771, 1285.639771
  37.10199,    4.02134, 1209.786621, 1209.786621, 1290.213379, 1290.213379
  53.39161,    4.93806, 1200.619385, 1200.619385, 1299.380615, 1299.380615
  19.79723,    4.99062, 1200.093750, 1200.093750, 1299.906250, 1299.906250
  55.92781,    6.00991, 1189.900879, 1189.900879, 1310.099121, 1310.099121
 -22.94564,    5.29163, 1197.083618, 1197.083618, 1302.916382, 1302.916382
   4.86387,    5.15118, 1198.488159, 1198.488159, 1301.511841, 1301.511841
  12.47162,    5.14280, 1198.572021, 1198.572021, 1301.427979, 1301.427979
 -58.73651,    3.58903, 1214.109741, 1214.109741, 1285.890259, 1285.890259
 -10.83768,    3.12581, 1218.741943, 1218.741943, 1281.258057, 1281.258057
 -42.07616,    1.96023, 1230.397705, 1230.397705, 1269.602295, 1269.602295
  30.60202,    2.34911, 1226.508911, 1226.508911, 1273.491089, 1273.491089
  42.27941,    3.04053, 1219.594727, 1219.594727, 1280.405273, 1280.405273
  38.33362,    3.53465, 1214.653564, 1214.653564, 1285.346436, 1285.346436
  47.86812,    4.38700, 1206.130005, 1206.130005, 1293.869995, 1293.869995
  14.49612,    4.40641, 1205.935913, 1205.935913, 1294.064087, 1294.064087
   3.09005,    4.22243, 1207.775635, 1207.775635, 1292.224365, 1292.224365
 -31.63017,    3.21990, 1217.801025, 1217.801025, 1282.198975, 1282.198975
 -55.30160,    1.73710, 1232.629028, 1232.629028, 1267.370972, 1267.370972
  13.15130,    1.73423, 1232.657715, 1232.657715, 1267.342285, 1267.342285
 -50.74175,    0.31617, 1246.838379, 1246.838379, 1253.161621, 1253.161621
  34.31940,    0.87657, 1241.234375, 1241.234375, 1258.765625, 1258.765625
  36.62952,    1.44321, 1235.567871, 1235.567871, 1264.432129, 1264.432129
  11.45884,    1.37988, 1236.201172, 1236.201172, 1263.798828, 1263.798828
  49.92147,    2.26804, 1227.319580, 1227.319580, 1272.680420, 1272.680420
 -24.62238,    1.44384, 1235.561646, 1235.561646, 1264.438354, 1264.438354
 -44.39814,    0.13913, 1248.608765, 1248.608765, 1251.391235, 1251.391235
 -14.84935,   -0.49761, 1254.976074, 1254.976074, 1245.023926, 1245.023926
 -17.51873,   -1.16127, 1261.612671, 1261.612671, 1238.387329, 1238.387329
 -62.43147,   -2.95000, 1279.500000, 1279.500000, 1220.500000, 1220.500000
  50.31812,   -2.14241, 1271.424072, 1271.424072, 1228.575928, 1228.575928
  58.28968,   -1.08092, 1260.809204, 1260.809204, 1239.190796, 1239.190796
  33.85088,   -0.52996, 1255.299561, 1255.299561, 1244.700439, 1244.700439
  43.77504,    0.12374, 1248.762573, 1248.762573, 1251.237427, 1251.237427
  31.04269,    0.38159, 1246.184082, 1246.184082, 1253.815918, 1253.815918
  24.25244,    0.39898, 1246.010132, 1246.010132, 1253.989868, 1253.989868
 -12.40546,   -0.42006, 1254.200562, 1254.200562, 1245.799438, 1245.799438
 -28.59438,   -1.50639, 1265.063965, 1265.063965, 1234.936035, 1234.936035
 -39.00567,   -2.73614, 1277.361450, 1277.361450, 1222.638550, 1222.638550
 -39.28007,   -3.87198, 1288.719849, 1288.719849, 1211.280151, 1211.280151
 -12.57250,   -4.56879, 1295.687988, 1295.687988, 1204.312012, 1204.312012
  22.19654,   -4.66529, 1296.652832, 1296.652832, 1203.347168, 1203.347168
 -41.38344,   -6.14298, 1311.429810, 1311.429810, 1188.570190, 1188.570190
  16.62383,   -6.30883, 1313.088257, 1313.088257, 1186.911743, 1186.911743
 -23.93712,   -7.04031, 1320.403076, 1320.403076, 1179.596924, 1179.596924
  -0.70764,   -7.50281, 1325.028076, 1325.028076, 1174.971924, 1174.971924
  34.29625,   -7.25781, 1322.578125, 1322.578125, 1177.421875, 1177.421875
   5.20674,   -7.48380, 1324.838013, 1324.838013, 1175.161987, 1175.161987
  -9.33482,   -8.59095, 1335.909546, 1335.909546, 1164.090454, 1164.090454
 -47.58802,   -9.72705, 1347.270508, 1347.270508, 1152.729492, 1152.729492
 -21.96871,  -10.23572, 1352.357178, 1352.357178, 1147.642822, 1147.642822
  54.26703,   -9.00376, 1340.037598, 1340.037598, 1159.962402, 1159.962402
 -48.26283,  -10.15819, 1351.581909, 1351.581909, 1148.418091, 1148.418091
 -49.96454,  -11.56455, 1365.645508, 1365.645508, 1134.354492, 1134.354492
  35.63343,  -10.72492, 1357.249146, 1357.249146, 1142.750854, 1142.750854
  32.25407,  -10.81528, 1358.152832, 1358.152832, 1141.847168, 1141.847168
 -29.15712,  -11.36753, 1363.675293, 1363.675293, 1136.324707, 1136.324707
 -52.37429,  -12.50635, 1375.063477, 1375.063477, 1124.936523, 1124.936523
 -49.95364,  -13.50198, 1385.019775, 1385.019775, 1114.980225, 1114.980225
  45.68274,  -12.31537, 1373.153687, 1373.153687, 1126.846313, 1126.846313
  27.89458,  -11.57372, 1365.737183, 1365.737183, 1134.262817, 1134.262817
 -24.50790,  -11.88180, 1368.817993, 1368.817993, 1131.182007, 1131.182007
 -21.33739,  -12.17491, 1371.749023, 1371.749023, 1128.250977, 1128.250977
 -35.04036,  -12.80583, 1378.058228, 1378.058228, 1121.941772, 1121.941772
 -43.51574,  -13.66894, 1386.689453, 1386.689453, 1113.310547, 1113.310547
 -54.89465,  -14.66088, 1396.608765, 1396.608765, 1103.391235, 1103.391235
  11.56715,  -14.29145, 1392.914551, 1392.914551, 1107.085449, 1107.085449
 -24.99323,  -14.64217, 1396.421631, 1396.421631, 1103.578369, 1103.578369
  27.28892,  -14.03407, 1390.340698, 1390.340698, 1109.659302, 1109.659302
 -41.14821,  -14.63284, 1396.328369, 1396.328369, 1103.671631, 1103.671631
  41.60646,  -13.73941, 1387.394043, 1387.394043, 1112.605957, 1112.605957
 -51.73837,  -14.63930, 1396.393066, 1396.393066, 1103.606934, 1103.606934
 -56.67249,  -15.53231, 1405.323120, 1405.323120, 1094.676880, 1094.676880
  48.86721,  -14.20153, 1392.015259, 1392.015259, 1107.984741, 1107.984741
  33.60675,  -13.30053, 1383.005371, 1383.005371, 1116.994629, 1116.994629
 -45.85678,  -14.11615, 1391.161499, 1391.161499, 1108.838501, 1108.838501
 -20.58482,  -14.17738, 1391.773804, 1391.773804, 1108.226196, 1108.226196
  -6.45357,  -14.03005, 1390.300537, 1390.300537, 1109.699463, 1109.699463
 -32.89379,  -14.48241, 1394.824097, 1394.824097, 1105.175903, 1105.175903
  -5.05565,  -14.22879, 1392.287964, 1392.287964, 1107.712036, 1107.712036
 -18.82835,  -14.25967, 1392.596680, 1392.596680, 1107.403320, 1107.403320
 -41.09776,  -14.63051, 1396.305054, 1396.305054, 1103.694946, 1103.694946
 -49.05031,  -15.25082, 1402.508179, 1402.508179, 1097.491821, 1097.491821
 -49.59474,  -15.87105, 1408.710449, 1408.710449, 1091.289551, 1091.289551
  26.09263,  -14.89094, 1398.909424, 1398.909424, 1101.090576, 1101.090576
  27.16143,  -13.88706, 1388.870605, 1388.870605, 1111.129395, 1111.129395
 -52.97308,  -14.55463, 1395.546265, 1395.546265, 1104.453735, 1104.453735
  45.45533,  -13.04560, 1380.455933, 1380.455933, 1119.544067, 1119.544067
  52.72412,  -11.53031, 1365.303101, 1365.303101, 1134.696899, 1134.696899
 -58.05293,  -11.51105, 1365.110474, 1365.110474, 1134.889526, 1134.889526
  30.89472,  -10.29734, 1352.973389, 1352.973389, 1147.026611, 1147.026611
  25.54976,   -9.31777, 1343.177734, 1343.177734, 1156.822266, 1156.822266
 -36.42662,   -9.61092, 1346.109253, 1346.109253, 1153.890747, 1153.890747
 -51.00856,  -10.14467, 1351.446777, 1351.446777, 1148.553223, 1148.553223
   7.74586,   -9.35172, 1343.517212, 1343.517212, 1156.482788, 1156.482788
   9.90316,   -8.57316, 1335.731567, 1335.731567, 1164.268433, 1164.268433
  21.33107,   -7.46277, 1324.627686, 1324.627686, 1175.372314, 1175.372314
 -40.28931,   -7.71377, 1327.137695, 1327.137695, 1172.862305, 1172.862305
  25.03872,   -6.36014, 1313.601318, 1313.601318, 1186.398682, 1186.398682
 -37.24871,   -6.35079, 1313.507935, 1313.507935, 1186.492065, 1186.492065
 -36.42408,   -6.17966, 1311.796631, 1311.796631, 1188.203369, 1188.203369
 -49.37000,   -6.54766, 1315.476562, 1315.476562, 1184.523438, 1184.523438
 -37.90502,   -6.48724, 1314.872437, 1314.872437, 1185.127563, 1185.127563
 -37.60472,   -5.46098, 1304.609863, 1304.609863, 1195.390137, 1195.390137
 -41.08207,   -5.56976, 1305.697632, 1305.697632, 1194.302368, 1194.302368
 -12.47512,   -5.03712, 1300.371094, 1300.371094, 1199.628906, 1199.628906
 -29.77047,   -4.70119, 1297.011963, 1297.011963, 1202.988037, 1202.988037
  -0.11425,   -3.63175, 1286.317505, 1286.317505, 1213.682495, 1213.682495
   8.92709,   -2.42619, 1274.261963, 1274.261963, 1225.738037, 1225.738037
 -41.91049,   -2.01348, 1270.134766, 1270.134766, 1229.865234, 1229.865234
 -15.44980,   -1.09888, 1260.988770, 1260.988770, 1239.011230, 1239.011230
  22.28576,    0.64322, 1243.567871, 1243.567871, 1256.432129, 1256.432129
  26.41519,    2.14990, 1228.500977, 1228.500977, 1271.499023, 1271.499023
 -23.48735,    2.75819, 1222.418091, 1222.418091, 1277.581909, 1277.581909
  56.86490,    5.01274, 1199.872681, 1199.872681, 1300.127319, 1300.127319
