-1003.60748, -1100.40479, 1063.319824, 1063.319824, 1136.680176, 1136.680176
-1142.40503, -1095.67346, 1063.477539, 1063.477539, 1136.522461, 1136.522461
-1115.54346, -1088.26111, 1063.724609, 1063.724609, 1136.275391, 1136.275391
-981.80841, -1079.33777, 1064.022095, 1064.022095, 1135.977905, 1135.977905
-997.33655, -1068.37231, 1064.387573, 1064.387573, 1135.612427, 1135.612427
-1004.71228, -1059.16382, 1064.694580, 1064.694580, 1135.305420, 1135.305420
-1118.19604, -1048.43750, 1065.052124, 1065.052124, 1134.947876, 1134.947876
-940.47437, -1039.76440, 1065.341187, 1065.341187, 1134.658813, 1134.658813
-1063.79785, -1019.27344, 1066.024170, 1066.024170, 1133.975830, 1133.975830
-815.12799, -1001.65338, 1066.611572, 1066.611572, 1133.388428, 1133.388428
-1097.00232, -992.04321, 1066.931885, 1066.931885, 1133.068115, 1133.068115
-943.82928, -977.20758, 1067.426392, 1067.426392, 1132.573608, 1132.573608
-1192.03198, -969.12793, 1067.695679, 1067.695679, 1132.304321, 1132.304321
-1032.58130, -944.01935, 1068.532715, 1068.532715, 1131.467285, 1131.467285
-1125.30566, -934.04517, 1068.865112, 1068.865112, 1131.134888, 1131.134888
-785.27460, -906.87738, 1069.770752, 1069.770752, 1130.229248, 1130.229248
-1179.38245, -890.03076, 1070.332275, 1070.332275, 1129.667725, 1129.667725
-687.66370, -862.84155, 1071.238647, 1071.238647, 1128.761353, 1128.761353
-1009.61737, -841.67529, 1071.944214, 1071.944214, 1128.055786, 1128.055786
-841.31677, -816.85010, 1072.771606, 1072.771606, 1127.228394, 1127.228394
-949.76965, -795.20099, 1073.493286, 1073.493286, 1126.506714, 1126.506714
-777.74329, -771.19250, 1074.293579, 1074.293579, 1125.706421, 1125.706421
-853.62488, -756.21265, 1074.792969, 1074.792969, 1125.207031, 1125.207031
-617.90857, -730.98126, 1075.633911, 1075.633911, 1124.366089, 1124.366089
-782.68475, -710.39697, 1076.320068, 1076.320068, 1123.679932, 1123.679932
-467.13583, -684.68408, 1077.177246, 1077.177246, 1122.822754, 1122.822754
-628.71185, -663.72333, 1077.875854, 1077.875854, 1122.124146, 1122.124146
-513.80402, -637.61603, 1078.746094, 1078.746094, 1121.253906, 1121.253906
-564.29437, -623.61011, 1079.213013, 1079.213013, 1120.786987, 1120.786987
-625.35040, -600.36603, 1079.987793, 1079.987793, 1120.012207, 1120.012207
-516.58533, -581.27136, 1080.624268, 1080.624268, 1119.375732, 1119.375732
-553.16565, -565.69507, 1081.143555, 1081.143555, 1118.856445, 1118.856445
-525.02319, -546.22607, 1081.792480, 1081.792480, 1118.207520, 1118.207520
-517.92285, -528.18640, 1082.393799, 1082.393799, 1117.606201, 1117.606201
-522.48163, -503.77042, 1083.207642, 1083.207642, 1116.792358, 1116.792358
-504.57156, -487.77454, 1083.740845, 1083.740845, 1116.259155, 1116.259155
-580.39960, -475.85153, 1084.138306, 1084.138306, 1115.861694, 1115.861694
-455.06827, -458.34586, 1084.721802, 1084.721802, 1115.278198, 1115.278198
-370.85284, -442.31839, 1085.256104, 1085.256104, 1114.743896, 1114.743896
-552.98108, -427.25076, 1085.758301, 1085.758301, 1114.241699, 1114.241699
-419.68115, -413.42194, 1086.219238, 1086.219238, 1113.780762, 1113.780762
-481.44922, -394.91351, 1086.836182, 1086.836182, 1113.163818, 1113.163818
-507.33032, -379.81366, 1087.339600, 1087.339600, 1112.660400, 1112.660400
-361.29666, -361.70523, 1087.943115, 1087.943115, 1112.056885, 1112.056885
-353.34839, -344.13654, 1088.528809, 1088.528809, 1111.471191, 1111.471191
-218.45680, -322.74216, 1089.241943, 1089.241943, 1110.758057, 1110.758057
-355.58246, -306.84473, 1089.771851, 1089.771851, 1110.228149, 1110.228149
-257.87524, -289.05313, 1090.364868, 1090.364868, 1109.635132, 1109.635132
-200.14090, -270.88348, 1090.970581, 1090.970581, 1109.029419, 1109.029419
-298.76230, -257.76746, 1091.407715, 1091.407715, 1108.592285, 1108.592285
-275.71533, -243.83855, 1091.872070, 1091.872070, 1108.127930, 1108.127930
-273.66232, -230.18434, 1092.327148, 1092.327148, 1107.672852, 1107.672852
-172.38593, -207.95798, 1093.068115, 1093.068115, 1106.931885, 1106.931885
 -97.95052, -192.36702, 1093.587769, 1093.587769, 1106.412231, 1106.412231
-251.96371, -179.13138, 1094.028931, 1094.028931, 1105.971069, 1105.971069
-143.48282, -165.20984, 1094.493042, 1094.493042, 1105.506958, 1105.506958
-181.78831, -152.22987, 1094.925659, 1094.925659, 1105.074341, 1105.074341
 -87.13120, -138.51698, 1095.382812, 1095.382812, 1104.617188, 1104.617188
  -6.59685, -123.54974, 1095.881714, 1095.881714, 1104.118286, 1104.118286
-188.69565, -111.33746, 1096.288696, 1096.288696, 1103.711304, 1103.711304
-237.24399,  -99.60481, 1096.679810, 1096.679810, 1103.320190, 1103.320190
-107.42908,  -87.54601, 1097.081787, 1097.081787, 1102.918213, 1102.918213
  29.63833,  -71.56741, 1097.614380, 1097.614380, 1102.385620, 1102.385620
-114.93449,  -58.93679, 1098.035400, 1098.035400, 1101.964600, 1101.964600
-174.80267,  -46.01107, 1098.466309, 1098.466309, 1101.533691, 1101.533691
-107.02313,  -34.51608, 1098.849487, 1098.849487, 1101.150513, 1101.150513
 101.12617,  -17.12039, 1099.429321, 1099.429321, 1100.570679, 1100.570679
 -29.36384,   -3.95172, 1099.868286, 1099.868286, 1100.131714, 1100.131714
  18.30474,   10.34157, 1100.344727, 1100.344727, 1099.655273, 1099.655273
 -50.31161,   22.32499, 1100.744141, 1100.744141, 1099.255859, 1099.255859
 112.88720,   38.45872, 1101.281982, 1101.281982, 1098.718018, 1098.718018
  60.91912,   52.41283, 1101.747070, 1101.747070, 1098.252930, 1098.252930
  21.10258,   66.13211, 1102.204346, 1102.204346, 1097.795654, 1097.795654
   1.57235,   81.47369, 1102.715820, 1102.715820, 1097.284180, 1097.284180
 180.50252,   97.87564, 1103.262573, 1103.262573, 1096.737427, 1096.737427
 166.21405,  112.27985, 1103.742676, 1103.742676, 1096.257324, 1096.257324
 125.38039,  127.19991, 1104.239990, 1104.239990, 1095.760010, 1095.760010
 141.18294,  139.59473, 1104.653198, 1104.653198, 1095.346802, 1095.346802
 204.09343,  154.37546, 1105.145874, 1105.145874, 1094.854126, 1094.854126
 232.62187,  168.16631, 1105.605591, 1105.605591, 1094.394409, 1094.394409
 140.51709,  180.16264, 1106.005371, 1106.005371, 1093.994629, 1093.994629
 182.24228,  191.92856, 1106.397583, 1106.397583, 1093.602417, 1093.602417
 124.47771,  202.67371, 1106.755737, 1106.755737, 1093.244263, 1093.244263
 179.58289,  212.81854, 1107.093994, 1107.093994, 1092.906006, 1092.906006
 198.54645,  224.00830, 1107.466919, 1107.466919, 1092.533081, 1092.533081
 246.07080,  234.60915, 1107.820312, 1107.820312, 1092.179688, 1092.179688
 271.12473,  246.80534, 1108.226807, 1108.226807, 1091.773193, 1091.773193
 263.63574,  256.44458, 1108.548096, 1108.548096, 1091.451904, 1091.451904
 345.29922,  269.11493, 1108.970459, 1108.970459, 1091.029541, 1091.029541
 352.74216,  279.68774, 1109.322876, 1109.322876, 1090.677124, 1090.677124
 280.08679,  289.94241, 1109.664795, 1109.664795, 1090.335205, 1090.335205
 355.42374,  300.35681, 1110.011841, 1110.011841, 1089.988159, 1089.988159
 276.10165,  309.77716, 1110.325928, 1110.325928, 1089.674072, 1089.674072
 183.89435,  316.43323, 1110.547729, 1110.547729, 1089.452271, 1089.452271
 276.30621,  325.16492, 1110.838867, 1110.838867, 1089.161133, 1089.161133
 422.67584,  336.42261, 1111.214111, 1111.214111, 1088.785889, 1088.785889
 281.12830,  345.16522, 1111.505493, 1111.505493, 1088.494507, 1088.494507
 288.69199,  354.09738, 1111.803223, 1111.803223, 1088.196777, 1088.196777
 315.47202,  363.92291, 1112.130737, 1112.130737, 1087.869263, 1087.869263
 446.82886,  374.70685, 1112.490234, 1112.490234, 1087.509766, 1087.509766
 279.62045,  389.38025, 1112.979370, 1112.979370, 1087.020630, 1087.020630
 319.57693,  396.83676, 1113.227905, 1113.227905, 1086.772095, 1086.772095
 398.97830,  408.01260, 1113.600464, 1113.600464, 1086.399536, 1086.399536
 410.62976,  417.16357, 1113.905396, 1113.905396, 1086.094604, 1086.094604
 423.13828,  427.32941, 1114.244263, 1114.244263, 1085.755737, 1085.755737
 472.43732,  437.72205, 1114.590698, 1114.590698, 1085.409302, 1085.409302
 455.91278,  448.62134, 1114.954102, 1114.954102, 1085.045898, 1085.045898
 385.28098,  456.96298, 1115.232056, 1115.232056, 1084.767944, 1084.767944
 395.71423,  466.40756, 1115.546875, 1115.546875, 1084.453125, 1084.453125
 508.22412,  476.65665, 1115.888550, 1115.888550, 1084.111450, 1084.111450
 379.55896,  485.76480, 1116.192139, 1116.192139, 1083.807861, 1083.807861
 515.20648,  496.14349, 1116.538086, 1116.538086, 1083.461914, 1083.461914
 465.57089,  506.92023, 1116.897339, 1116.897339, 1083.102661, 1083.102661
 452.49591,  515.45087, 1117.181641, 1117.181641, 1082.818359, 1082.818359
 377.30133,  522.92603, 1117.430908, 1117.430908, 1082.569092, 1082.569092
 594.52911,  534.44141, 1117.814697, 1117.814697, 1082.185303, 1082.185303
 670.52740,  549.04034, 1118.301392, 1118.301392, 1081.698608, 1081.698608
 458.04556,  558.16418, 1118.605469, 1118.605469, 1081.394531, 1081.394531
 485.43704,  568.34503, 1118.944824, 1118.944824, 1081.055176, 1081.055176
 483.17981,  578.19019, 1119.272949, 1119.272949, 1080.727051, 1080.727051
 473.45154,  587.18262, 1119.572754, 1119.572754, 1080.427246, 1080.427246
 664.66528,  601.07916, 1120.036011, 1120.036011, 1079.963989, 1079.963989
 671.17639,  614.87134, 1120.495728, 1120.495728, 1079.504272, 1079.504272
 498.03006,  623.99451, 1120.799805, 1120.799805, 1079.200195, 1079.200195
 617.21033,  636.53278, 1121.217773, 1121.217773, 1078.782227, 1078.782227
 765.01947,  649.95526, 1121.665161, 1121.665161, 1078.334839, 1078.334839
 627.96277,  661.15173, 1122.038330, 1122.038330, 1077.961670, 1077.961670
 624.00604,  671.51135, 1122.383667, 1122.383667, 1077.616333, 1077.616333
 652.98041,  683.20105, 1122.773315, 1122.773315, 1077.226685, 1077.226685
 620.81738,  692.40845, 1123.080322, 1123.080322, 1076.919678, 1076.919678
 636.67657,  702.54974, 1123.418335, 1123.418335, 1076.581665, 1076.581665
 674.20636,  712.34003, 1123.744629, 1123.744629, 1076.255371, 1076.255371
 634.63177,  723.15894, 1124.105347, 1124.105347, 1075.894653, 1075.894653
 686.01733,  732.93250, 1124.431030, 1124.431030, 1075.568970, 1075.568970
 776.47888,  746.53070, 1124.884399, 1124.884399, 1075.115601, 1075.115601
 643.66156,  755.05554, 1125.168457, 1125.168457, 1074.831543, 1074.831543
 744.45239,  767.65265, 1125.588379, 1125.588379, 1074.411621, 1074.411621
 798.75525,  779.60883, 1125.986938, 1125.986938, 1074.013062, 1074.013062
 729.05743,  791.60870, 1126.386963, 1126.386963, 1073.613037, 1073.613037
 881.41711,  804.88708, 1126.829590, 1126.829590, 1073.170410, 1073.170410
 940.16278,  820.02966, 1127.334351, 1127.334351, 1072.665649, 1072.665649
 729.70776,  830.03333, 1127.667725, 1127.667725, 1072.332275, 1072.332275
 883.75140,  844.93274, 1128.164429, 1128.164429, 1071.835571, 1071.835571
 971.29633,  859.84650, 1128.661499, 1128.661499, 1071.338501, 1071.338501
 810.31702,  872.63153, 1129.087769, 1129.087769, 1070.912231, 1070.912231
 934.27734,  885.33331, 1129.511108, 1129.511108, 1070.488892, 1070.488892
 846.26410,  898.11230, 1129.937134, 1129.937134, 1070.062866, 1070.062866
 913.24341,  910.42474, 1130.347534, 1130.347534, 1069.652466, 1069.652466
1021.78656,  934.03650, 1131.134521, 1131.134521, 1068.865479, 1068.865479
 968.53387,  950.79163, 1131.693115, 1131.693115, 1068.306885, 1068.306885
1005.32642,  965.57306, 1132.185791, 1132.185791, 1067.814209, 1067.814209
 821.28876,  973.94543, 1132.464844, 1132.464844, 1067.535156, 1067.535156
 961.45239,  986.22125, 1132.874023, 1132.874023, 1067.125977, 1067.125977
1071.88464,  999.71295, 1133.323730, 1133.323730, 1066.676270, 1066.676270
1018.15051, 1012.10852, 1133.736938, 1133.736938, 1066.263062, 1066.263062
1082.46643, 1024.23914, 1134.141357, 1134.141357, 1065.858643, 1065.858643
1027.10168, 1035.48547, 1134.516235, 1134.516235, 1065.483765, 1065.483765
1144.60901, 1047.22583, 1134.907471, 1134.907471, 1065.092529, 1065.092529
1078.99146, 1058.10645, 1135.270264, 1135.270264, 1064.729736, 1064.729736
1090.28955, 1067.12952, 1135.571045, 1135.571045, 1064.428955, 1064.428955
1139.79382, 1078.63171, 1135.954346, 1135.954346, 1064.045654, 1064.045654
1055.15845, 1085.71887, 1136.190674, 1136.190674, 1063.809326, 1063.809326
1166.11035, 1096.84021, 1136.561279, 1136.561279, 1063.438721, 1063.438721
1047.89783, 1103.33618, 1136.777832, 1136.777832, 1063.222168, 1063.222168
1192.36621, 1113.42004, 1137.114014, 1137.114014, 1062.885986, 1062.885986
1141.87878, 1121.68701, 1137.389526, 1137.389526, 1062.610474, 1062.610474
1138.01062, 1130.30103, 1137.676758, 1137.676758, 1062.323242, 1062.323242
1191.66614, 1139.57043, 1137.985718, 1137.985718, 1062.014282, 1062.014282
1215.29663, 1148.92200, 1138.297363, 1138.297363, 1061.702637, 1061.702637
1287.23853, 1159.42603, 1138.647583, 1138.647583, 1061.352417, 1061.352417
1180.42505, 1168.00415, 1138.933472, 1138.933472, 1061.066528, 1061.066528
1316.60315, 1177.62427, 1139.254150, 1139.254150, 1060.745850, 1060.745850
1232.16309, 1185.42700, 1139.514282, 1139.514282, 1060.485718, 1060.485718
1285.40979, 1192.74988, 1139.758301, 1139.758301, 1060.241699, 1060.241699
1248.57288, 1199.26514, 1139.975464, 1139.975464, 1060.024536, 1060.024536
1283.66418, 1204.80029, 1140.160034, 1140.160034, 1059.839966, 1059.839966
1280.46716, 1209.68054, 1140.322632, 1140.322632, 1059.677368, 1059.677368
1262.99341, 1214.00171, 1140.466675, 1140.466675, 1059.533325, 1059.533325
1338.34619, 1218.51001, 1140.616943, 1140.616943, 1059.383057, 1059.383057
1181.12354, 1219.10510, 1140.636841, 1140.636841, 1059.363159, 1059.363159
1261.12097, 1220.93799, 1140.697876, 1140.697876, 1059.302124, 1059.302124
1202.32629, 1220.32922, 1140.677612, 1140.677612, 1059.322388, 1059.322388
1250.88611, 1220.71167, 1140.690430, 1140.690430, 1059.309570, 1059.309570
1221.94519, 1219.39124, 1140.646362, 1140.646362, 1059.353638, 1059.353638
1206.57971, 1217.13403, 1140.571167, 1140.571167, 1059.428833, 1059.428833
1240.21484, 1215.39832, 1140.513306, 1140.513306, 1059.486694, 1059.486694
1187.14661, 1211.80481, 1140.393555, 1140.393555, 1059.606445, 1059.606445
1296.56726, 1210.77515, 1140.359131, 1140.359131, 1059.640869, 1059.640869
1145.86157, 1205.56287, 1140.185425, 1140.185425, 1059.814575, 1059.814575
1259.22217, 1203.15198, 1140.105103, 1140.105103, 1059.894897, 1059.894897
1163.71375, 1197.83215, 1139.927734, 1139.927734, 1060.072266, 1060.072266
1165.56580, 1192.53833, 1139.751221, 1139.751221, 1060.248779, 1060.248779
1291.41431, 1189.26965, 1139.642334, 1139.642334, 1060.357666, 1060.357666
1103.39038, 1181.95203, 1139.398438, 1139.398438, 1060.601562, 1060.601562
1265.61438, 1177.98901, 1139.266357, 1139.266357, 1060.733643, 1060.733643
1060.35120, 1164.98767, 1138.832886, 1138.832886, 1061.167114, 1061.167114
1142.77625, 1155.29492, 1138.509888, 1138.509888, 1061.490112, 1061.490112
1198.57581, 1147.45911, 1138.248657, 1138.248657, 1061.751343, 1061.751343
1123.91174, 1136.39771, 1137.879883, 1137.879883, 1062.120117, 1062.120117
1135.47168, 1128.55286, 1137.618408, 1137.618408, 1062.381592, 1062.381592
1165.43103, 1119.99109, 1137.333008, 1137.333008, 1062.666992, 1062.666992
1023.39777, 1107.46448, 1136.915527, 1136.915527, 1063.084473, 1063.084473
1133.87085, 1099.39038, 1136.646362, 1136.646362, 1063.353638, 1063.353638
1007.74060, 1086.60010, 1136.219971, 1136.219971, 1063.780029, 1063.780029
1186.38281, 1078.87317, 1135.962402, 1135.962402, 1064.037598, 1064.037598
1030.75745, 1066.71753, 1135.557251, 1135.557251, 1064.442749, 1064.442749
1064.15137, 1055.07300, 1135.169067, 1135.169067, 1064.830933, 1064.830933
1051.70447, 1042.95801, 1134.765259, 1134.765259, 1065.234741, 1065.234741
1033.00293, 1031.21838, 1134.373901, 1134.373901, 1065.626099, 1065.626099
1056.02319, 1017.85492, 1133.928467, 1133.928467, 1066.071533, 1066.071533
 866.68494, 1003.85687, 1133.461914, 1133.461914, 1066.538086, 1066.538086
1078.46729,  991.48181, 1133.049438, 1133.049438, 1066.950562, 1066.950562
 920.60675,  978.13062, 1132.604370, 1132.604370, 1067.395630, 1067.395630
 903.19867,  961.99207, 1132.066406, 1132.066406, 1067.933594, 1067.933594
 975.84619,  949.39856, 1131.646606, 1131.646606, 1068.353394, 1068.353394
 841.92999,  933.70569, 1131.123535, 1131.123535, 1068.876465, 1068.876465
1033.51294,  920.15033, 1130.671631, 1130.671631, 1069.328369, 1069.328369
 837.10669,  906.32941, 1130.210938, 1130.210938, 1069.789062, 1069.789062
 958.07654,  892.19574, 1129.739868, 1129.739868, 1070.260132, 1070.260132
 920.54504,  876.51929, 1129.217285, 1129.217285, 1070.782715, 1070.782715
 805.72955,  861.31439, 1128.710449, 1128.710449, 1071.289551, 1071.289551
 990.79913,  847.90155, 1128.263428, 1128.263428, 1071.736572, 1071.736572
 751.09503,  832.05627, 1127.735229, 1127.735229, 1072.264771, 1072.264771
 843.26880,  817.15436, 1127.238525, 1127.238525, 1072.761475, 1072.761475
 805.29669,  802.10907, 1126.736938, 1126.736938, 1073.263062, 1073.263062
 674.66803,  783.34680, 1126.111572, 1126.111572, 1073.888428, 1073.888428
 952.00793,  772.37592, 1125.745850, 1125.745850, 1074.254150, 1074.254150
 730.34058,  756.38977, 1125.213013, 1125.213013, 1074.786987, 1074.786987
 721.49542,  741.33569, 1124.711182, 1124.711182, 1075.288818, 1075.288818
 770.02167,  725.59338, 1124.186401, 1124.186401, 1075.813599, 1075.813599
 676.56055,  710.63568, 1123.687866, 1123.687866, 1076.312134, 1076.312134
 707.72241,  694.69531, 1123.156494, 1123.156494, 1076.843506, 1076.843506
 705.70874,  680.93866, 1122.697998, 1122.697998, 1077.302002, 1077.302002
 561.54065,  662.04993, 1122.068359, 1122.068359, 1077.931641, 1077.931641
 690.15753,  649.05597, 1121.635254, 1121.635254, 1078.364746, 1078.364746
 577.79529,  631.74402, 1121.058105, 1121.058105, 1078.941895, 1078.941895
 630.70770,  617.16113, 1120.572021, 1120.572021, 1079.427979, 1079.427979
 722.42670,  603.67401, 1120.122437, 1120.122437, 1079.877563, 1079.877563
 514.53625,  586.19348, 1119.539795, 1119.539795, 1080.460205, 1080.460205
 686.89612,  572.65649, 1119.088501, 1119.088501, 1080.911499, 1080.911499
 567.94025,  557.89087, 1118.596313, 1118.596313, 1081.403687, 1081.403687
 518.10590,  540.30444, 1118.010132, 1118.010132, 1081.989868, 1081.989868
 607.23090,  527.11456, 1117.570435, 1117.570435, 1082.429565, 1082.429565
 439.17520,  498.28000, 1116.609375, 1116.609375, 1083.390625, 1083.390625
 434.45276,  482.10205, 1116.070068, 1116.070068, 1083.929932, 1083.929932
 452.02594,  463.37234, 1115.445801, 1115.445801, 1084.554199, 1084.554199
 402.38550,  446.36819, 1114.878906, 1114.878906, 1085.121094, 1085.121094
 448.90295,  427.78149, 1114.259399, 1114.259399, 1085.740601, 1085.740601
 437.08530,  412.54803, 1113.751587, 1113.751587, 1086.248413, 1086.248413
 246.61389,  390.72556, 1113.024170, 1113.024170, 1086.975830, 1086.975830
 420.35760,  374.47748, 1112.482544, 1112.482544, 1087.517456, 1087.517456
 215.08382,  353.52621, 1111.784180, 1111.784180, 1088.215820, 1088.215820
 181.33800,  333.50098, 1111.116699, 1111.116699, 1088.883301, 1088.883301
 322.72308,  314.87231, 1110.495728, 1110.495728, 1089.504272, 1089.504272
 271.53387,  298.45312, 1109.948486, 1109.948486, 1090.051514, 1090.051514
 222.61938,  272.82819, 1109.094238, 1109.094238, 1090.905762, 1090.905762
 352.74323,  257.62234, 1108.587402, 1108.587402, 1091.412598, 1091.412598
 222.71457,  242.27704, 1108.075928, 1108.075928, 1091.924072, 1091.924072
 294.62430,  227.15082, 1107.571655, 1107.571655, 1092.428345, 1092.428345
 260.80637,  212.45924, 1107.082031, 1107.082031, 1092.917969, 1092.917969
 286.68286,  197.36060, 1106.578735, 1106.578735, 1093.421265, 1093.421265
 134.53857,  182.16701, 1106.072266, 1106.072266, 1093.927734, 1093.927734
 199.81783,  167.01634, 1105.567261, 1105.567261, 1094.432739, 1094.432739
 292.75192,  155.94725, 1105.198242, 1105.198242, 1094.801758, 1094.801758
  95.47305,  139.92482, 1104.664185, 1104.664185, 1095.335815, 1095.335815
  -6.93872,  123.43888, 1104.114624, 1104.114624, 1095.885376, 1095.885376
 115.77187,  108.17594, 1103.605835, 1103.605835, 1096.394165, 1096.394165
 151.82178,   96.41925, 1103.213989, 1103.213989, 1096.786011, 1096.786011
  15.86685,   80.42738, 1102.680908, 1102.680908, 1097.319092, 1097.319092
  62.36123,   66.25267, 1102.208374, 1102.208374, 1097.791626, 1097.791626
 126.29196,   52.27381, 1101.742432, 1101.742432, 1098.257568, 1098.257568
  60.86887,   38.39484, 1101.279785, 1101.279785, 1098.720215, 1098.720215
  91.37186,   23.91773, 1100.797241, 1100.797241, 1099.202759, 1099.202759
   6.33788,    9.48089, 1100.316040, 1100.316040, 1099.683960, 1099.683960
  64.79729,   -5.16081, 1099.828003, 1099.828003, 1100.171997, 1100.171997
   5.69377,  -18.51864, 1099.382690, 1099.382690, 1100.617310, 1100.617310
 -32.54469,  -34.33208, 1098.855591, 1098.855591, 1101.144409, 1101.144409
 -45.54426,  -48.50865, 1098.383057, 1098.383057, 1101.616943, 1101.616943
  48.15081,  -60.57463, 1097.980835, 1097.980835, 1102.019165, 1102.019165
 -45.64418,  -74.37500, 1097.520874, 1097.520874, 1102.479126, 1102.479126
 -49.90114,  -88.87225, 1097.037598, 1097.037598, 1102.962402, 1102.962402
 -99.64825, -103.27558, 1096.557495, 1096.557495, 1103.442505, 1103.442505
 -88.31236, -119.36018, 1096.021362, 1096.021362, 1103.978638, 1103.978638
-108.27319, -133.21422, 1095.559570, 1095.559570, 1104.440430, 1104.440430
 -84.59064, -148.37074, 1095.054321, 1095.054321, 1104.945679, 1104.945679
-278.19830, -164.43042, 1094.519043, 1094.519043, 1105.480957, 1105.480957
-118.92162, -179.27251, 1094.024292, 1094.024292, 1105.975708, 1105.975708
-233.38127, -192.99854, 1093.566772, 1093.566772, 1106.433228, 1106.433228
-277.45532, -209.34659, 1093.021729, 1093.021729, 1106.978271, 1106.978271
-215.93954, -221.26328, 1092.624512, 1092.624512, 1107.375488, 1107.375488
-239.16022, -243.61728, 1091.879395, 1091.879395, 1108.120605, 1108.120605
-305.12073, -255.03622, 1091.498779, 1091.498779, 1108.501221, 1108.501221
-443.32733, -270.97620, 1090.967407, 1090.967407, 1109.032593, 1109.032593
-300.01755, -287.51569, 1090.416138, 1090.416138, 1109.583862, 1109.583862
-469.31866, -304.15518, 1089.861450, 1089.861450, 1110.138550, 1110.138550
-417.19183, -321.33929, 1089.288696, 1089.288696, 1110.711304, 1110.711304
-369.57428, -334.90182, 1088.836548, 1088.836548, 1111.163452, 1111.163452
-369.01727, -350.71570, 1088.309448, 1088.309448, 1111.690552, 1111.690552
-345.69812, -360.47470, 1087.984131, 1087.984131, 1112.015869, 1112.015869
-511.03558, -371.94232, 1087.601929, 1087.601929, 1112.398071, 1112.398071
-318.75815, -381.34351, 1087.288574, 1087.288574, 1112.711426, 1112.711426
-334.00305, -389.18231, 1087.027222, 1087.027222, 1112.972778, 1112.972778
-483.40192, -405.23175, 1086.492310, 1086.492310, 1113.507690, 1113.507690
-350.58157, -418.21442, 1086.059570, 1086.059570, 1113.940430, 1113.940430
-207.74251, -427.09976, 1085.763306, 1085.763306, 1114.236694, 1114.236694
-343.10724, -440.30795, 1085.323120, 1085.323120, 1114.676880, 1114.676880
-352.10934, -449.65460, 1085.011475, 1085.011475, 1114.988525, 1114.988525
-333.30624, -461.55566, 1084.614868, 1084.614868, 1115.385132, 1115.385132
-401.99927, -473.08649, 1084.230469, 1084.230469, 1115.769531, 1115.769531
-291.15073, -483.81009, 1083.873047, 1083.873047, 1116.126953, 1116.126953
-468.45084, -499.22366, 1083.359253, 1083.359253, 1116.640747, 1116.640747
-395.04486, -515.42224, 1082.819214, 1082.819214, 1117.180786, 1117.180786
-351.67157, -526.22290, 1082.459229, 1082.459229, 1117.540771, 1117.540771
-459.36783, -547.57904, 1081.747314, 1081.747314, 1118.252686, 1118.252686
-633.11823, -568.24091, 1081.058594, 1081.058594, 1118.941406, 1118.941406
-474.86581, -581.15594, 1080.628174, 1080.628174, 1119.371826, 1119.371826
-622.87122, -600.29584, 1079.990112, 1079.990112, 1120.009888, 1120.009888
-682.93445, -616.42023, 1079.452637, 1079.452637, 1120.547363, 1120.547363
-498.71390, -636.00067, 1078.799927, 1078.799927, 1121.200073, 1121.200073
-638.02777, -654.99677, 1078.166748, 1078.166748, 1121.833252, 1121.833252
-701.69568, -672.35522, 1077.588135, 1077.588135, 1122.411865, 1122.411865
-735.45984, -689.32288, 1077.022583, 1077.022583, 1122.977417, 1122.977417
-757.01819, -707.38300, 1076.420532, 1076.420532, 1123.579468, 1123.579468
-694.58221, -720.58728, 1075.980469, 1075.980469, 1124.019531, 1124.019531
-675.52185, -736.09387, 1075.463501, 1075.463501, 1124.536499, 1124.536499
-842.84027, -754.37091, 1074.854248, 1074.854248, 1125.145752, 1125.145752
-773.15973, -776.20911, 1074.126343, 1074.126343, 1125.873657, 1125.873657
-865.70068, -791.35437, 1073.621582, 1073.621582, 1126.378418, 1126.378418
-692.67523, -801.90686, 1073.269775, 1073.269775, 1126.730225, 1126.730225
-775.01117, -823.91296, 1072.536255, 1072.536255, 1127.463745, 1127.463745
-813.97882, -840.34302, 1071.988525, 1071.988525, 1128.011475, 1128.011475
-1036.17224, -858.50262, 1071.383301, 1071.383301, 1128.616699, 1128.616699
-780.15845, -872.10547, 1070.929810, 1070.929810, 1129.070190, 1129.070190
-948.61731, -885.09448, 1070.496826, 1070.496826, 1129.503174, 1129.503174
-888.09808, -898.13129, 1070.062256, 1070.062256, 1129.937744, 1129.937744
-748.97418, -904.92719, 1069.835815, 1069.835815, 1130.164185, 1130.164185
-982.99371, -921.54303, 1069.281860, 1069.281860, 1130.718140, 1130.718140
-929.67029, -934.02124, 1068.865967, 1068.865967, 1131.134033, 1131.134033
-1064.09851, -945.60339, 1068.479858, 1068.479858, 1131.520142, 1131.520142
-753.86243, -953.72589, 1068.209106, 1068.209106, 1131.790894, 1131.790894
-988.06561, -967.03912, 1067.765381, 1067.765381, 1132.234619, 1132.234619
-810.09473, -971.52136, 1067.615967, 1067.615967, 1132.384033, 1132.384033
-1056.66089, -982.54736, 1067.248413, 1067.248413, 1132.751587, 1132.751587
-908.20160, -987.92358, 1067.069214, 1067.069214, 1132.930786, 1132.930786
-951.03876, -995.60736, 1066.813110, 1066.813110, 1133.186890, 1133.186890
-1066.24243, -1002.92291, 1066.569214, 1066.569214, 1133.430786, 1133.430786
-936.94177, -1008.42902, 1066.385742, 1066.385742, 1133.614258, 1133.614258
-939.35577, -1012.31531, 1066.256104, 1066.256104, 1133.743896, 1133.743896
-934.34839, -1017.97540, 1066.067505, 1066.067505, 1133.932495, 1133.932495
-980.88855, -1024.28271, 1065.857300, 1065.857300, 1134.142700, 1134.142700
-978.87415, -1028.35059, 1065.721680, 1065.721680, 1134.278320, 1134.278320
-894.12396, -1031.44360, 1065.618530, 1065.618530, 1134.381470, 1134.381470
-1182.95862, -1039.35742, 1065.354736, 1065.354736, 1134.645264, 1134.645264
-929.38629, -1041.61218, 1065.279541, 1065.279541, 1134.720459, 1134.720459
-1223.54102, -1048.90833, 1065.036377, 1065.036377, 1134.963623, 1134.963623
-939.79846, -1050.69128, 1064.976929, 1064.976929, 1135.023071, 1135.023071
-1140.20764, -1055.41418, 1064.819580, 1064.819580, 1135.180420, 1135.180420
-826.93384, -1051.73730, 1064.942139, 1064.942139, 1135.057861, 1135.057861
-1123.81970, -1054.27307, 1064.857544, 1064.857544, 1135.142456, 1135.142456
-1109.05969, -1055.89771, 1064.803467, 1064.803467, 1135.196533, 1135.196533
-1139.30737, -1058.15356, 1064.728271, 1064.728271, 1135.271729, 1135.271729
-1074.77258, -1058.91345, 1064.702881, 1064.702881, 1135.297119, 1135.297119
-956.92963, -1056.22461, 1064.792480, 1064.792480, 1135.207520, 1135.207520
-1083.87402, -1056.03918, 1064.798706, 1064.798706, 1135.201294, 1135.201294
-1004.34631, -1053.98535, 1064.867188, 1064.867188, 1135.132812, 1135.132812
-982.20636, -1050.07385, 1064.997559, 1064.997559, 1135.002441, 1135.002441
-1021.64771, -1046.36047, 1065.121338, 1065.121338, 1134.878662, 1134.878662
-922.25281, -1038.12366, 1065.395874, 1065.395874, 1134.604126, 1134.604126
-1111.77344, -1032.13452, 1065.595459, 1065.595459, 1134.404541, 1134.404541
-914.40051, -1025.15686, 1065.828125, 1065.828125, 1134.171875, 1134.171875
-1040.11865, -1018.18060, 1066.060669, 1066.060669, 1133.939331, 1133.939331
-927.56616, -1008.05237, 1066.398193, 1066.398193, 1133.601807, 1133.601807
-1223.52136, -1003.74365, 1066.541870, 1066.541870, 1133.458130, 1133.458130
-819.86072, -986.10284, 1067.129883, 1067.129883, 1132.870117, 1132.870117
-1112.89832, -978.04950, 1067.398315, 1067.398315, 1132.601685, 1132.601685
-910.37012, -962.51013, 1067.916382, 1067.916382, 1132.083618, 1132.083618
-1030.29199, -949.86743, 1068.337769, 1068.337769, 1131.662231, 1131.662231
-970.49091, -936.35352, 1068.788208, 1068.788208, 1131.211792, 1131.211792
-873.29108, -890.90906, 1070.302979, 1070.302979, 1129.697021, 1129.697021
-862.10657, -874.00287, 1070.866577, 1070.866577, 1129.133423, 1129.133423
-919.67145, -862.08728, 1071.263794, 1071.263794, 1128.736206, 1128.736206
-748.85693, -842.40472, 1071.919800, 1071.919800, 1128.080200, 1128.080200
-901.17261, -829.06622, 1072.364502, 1072.364502, 1127.635498, 1127.635498
-876.89569, -811.65497, 1072.944824, 1072.944824, 1127.055176, 1127.055176
-953.84784, -799.05078, 1073.364990, 1073.364990, 1126.635010, 1126.635010
-858.44025, -774.42444, 1074.185791, 1074.185791, 1125.814209, 1125.814209
-941.39825, -755.05127, 1074.831665, 1074.831665, 1125.168335, 1125.168335
-945.46893, -733.74951, 1075.541626, 1075.541626, 1124.458374, 1124.458374
-746.12390, -708.67444, 1076.377563, 1076.377563, 1123.622437, 1123.622437
-759.75287, -684.09863, 1077.196655, 1077.196655, 1122.803345, 1122.803345
-628.12720, -614.41193, 1079.519653, 1079.519653, 1120.480347, 1120.480347
-533.00000, -591.83075, 1080.272339, 1080.272339, 1119.727661, 1119.727661
-784.69110, -576.40033, 1080.786621, 1080.786621, 1119.213379, 1119.213379
-444.62540, -549.96344, 1081.667847, 1081.667847, 1118.332153, 1118.332153
-591.02246, -531.04077, 1082.298584, 1082.298584, 1117.701416, 1117.701416
-617.84961, -508.72684, 1083.042480, 1083.042480, 1116.957520, 1116.957520
-429.99414, -486.63647, 1083.778809, 1083.778809, 1116.221191, 1116.221191
-635.38379, -465.08240, 1084.497314, 1084.497314, 1115.502686, 1115.502686
-377.28815, -434.59558, 1085.513428, 1085.513428, 1114.486572, 1114.486572
-558.27631, -409.93170, 1086.335571, 1086.335571, 1113.664429, 1113.664429
-665.61670, -394.96417, 1086.834473, 1086.834473, 1113.165527, 1113.165527
-389.64270, -371.98297, 1087.600586, 1087.600586, 1112.399414, 1112.399414
-568.75842, -336.39297, 1088.786865, 1088.786865, 1111.213135, 1111.213135
-360.67526, -309.10944, 1089.696411, 1089.696411, 1110.303589, 1110.303589
-337.92703, -234.17160, 1092.194336, 1092.194336, 1107.805664, 1107.805664
-264.23251, -212.52882, 1092.915649, 1092.915649, 1107.084351, 1107.084351
-193.15460, -194.61110, 1093.512939, 1093.512939, 1106.487061, 1106.487061
 -88.76427, -169.96710, 1094.334473, 1094.334473, 1105.665527, 1105.665527
-208.48778, -151.90074, 1094.936646, 1094.936646, 1105.063354, 1105.063354
-232.56566, -130.75284, 1095.641602, 1095.641602, 1104.358398, 1104.358398
-121.21391, -106.93110, 1096.435669, 1096.435669, 1103.564331, 1103.564331
-140.17946,  -86.04184, 1097.131958, 1097.131958, 1102.868042, 1102.868042
-141.00803,  -58.05518, 1098.064819, 1098.064819, 1101.935181, 1101.935181
-209.40158,  -39.24946, 1098.691650, 1098.691650, 1101.308350, 1101.308350
  -3.20440,  -13.96776, 1099.534424, 1099.534424, 1100.465576, 1100.465576
 -53.18180,   21.83384, 1100.727783, 1100.727783, 1099.272217, 1099.272217
  16.46323,   43.93183, 1101.464355, 1101.464355, 1098.535645, 1098.535645
  74.07777,   65.55364, 1102.185181, 1102.185181, 1097.814819, 1097.814819
  74.01143,   90.25113, 1103.008423, 1103.008423, 1096.991577, 1096.991577
 125.08231,  112.18203, 1103.739380, 1103.739380, 1096.260620, 1096.260620
 122.39890,  135.99294, 1104.533081, 1104.533081, 1095.466919, 1095.466919
  75.14285,  154.59331, 1105.153076, 1105.153076, 1094.846924, 1094.846924
  88.96000,  174.96516, 1105.832153, 1105.832153, 1094.167847, 1094.167847
 276.68558,  194.69273, 1106.489746, 1106.489746, 1093.510254, 1093.510254
 295.43292,  217.75775, 1107.258545, 1107.258545, 1092.741455, 1092.741455
 255.96529,  240.80736, 1108.026855, 1108.026855, 1091.973145, 1091.973145
 221.31754,  263.10941, 1108.770264, 1108.770264, 1091.229736, 1091.229736
 331.27713,  285.67441, 1109.522461, 1109.522461, 1090.477539, 1090.477539
 345.09570,  313.57977, 1110.452637, 1110.452637, 1089.547363, 1089.547363
 373.72742,  332.01877, 1111.067261, 1111.067261, 1088.932739, 1088.932739
 371.82867,  348.72665, 1111.624268, 1111.624268, 1088.375732, 1088.375732
 316.56885,  368.16077, 1112.271973, 1112.271973, 1087.728027, 1087.728027
 386.63217,  385.42236, 1112.847412, 1112.847412, 1087.152588, 1087.152588
 435.85751,  408.70676, 1113.623535, 1113.623535, 1086.376465, 1086.376465
 374.10205,  432.03558, 1114.401245, 1114.401245, 1085.598755, 1085.598755
 424.04095,  460.01978, 1115.333984, 1115.333984, 1084.666016, 1084.666016
 441.13562,  488.02786, 1116.267578, 1116.267578, 1083.732422, 1083.732422
 510.96890,  515.87103, 1117.195679, 1117.195679, 1082.804321, 1082.804321
 518.21173,  538.19110, 1117.939697, 1117.939697, 1082.060303, 1082.060303
 512.87238,  562.78143, 1118.759399, 1118.759399, 1081.240601, 1081.240601
 563.17932,  597.96753, 1119.932251, 1119.932251, 1080.067749, 1080.067749
 498.82227,  620.07086, 1120.669067, 1120.669067, 1079.330933, 1079.330933
 607.48950,  644.58478, 1121.486206, 1121.486206, 1078.513794, 1078.513794
 590.74963,  674.96899, 1122.499023, 1122.499023, 1077.500977, 1077.500977
 788.03021,  696.74677, 1123.224854, 1123.224854, 1076.775146, 1076.775146
 661.83105,  721.10468, 1124.036865, 1124.036865, 1075.963135, 1075.963135
 824.59644,  743.02850, 1124.767578, 1124.767578, 1075.232422, 1075.232422
 854.43951,  769.57336, 1125.652466, 1125.652466, 1074.347534, 1074.347534
 741.18646,  793.16949, 1126.438965, 1126.438965, 1073.561035, 1073.561035
 955.98328,  821.65607, 1127.388550, 1127.388550, 1072.611450, 1072.611450
 842.87909,  844.36560, 1128.145508, 1128.145508, 1071.854492, 1071.854492
 812.93488,  865.81689, 1128.860596, 1128.860596, 1071.139404, 1071.139404
 893.00732,  884.12543, 1129.470825, 1129.470825, 1070.529175, 1070.529175
 813.35577,  902.47784, 1130.082642, 1130.082642, 1069.917358, 1069.917358
 847.55951,  917.74164, 1130.591431, 1130.591431, 1069.408569, 1069.408569
1169.19861,  945.96118, 1131.531982, 1131.531982, 1068.468018, 1068.468018
1138.06604,  970.35162, 1132.345093, 1132.345093, 1067.654907, 1067.654907
 780.33356,  989.84381, 1132.994751, 1132.994751, 1067.005249, 1067.005249
 813.26392, 1014.60376, 1133.820068, 1133.820068, 1066.179932, 1066.179932
 969.97937, 1031.94604, 1134.398193, 1134.398193, 1065.601807, 1065.601807
1133.80896, 1057.68274, 1135.256104, 1135.256104, 1064.743896, 1064.743896
1148.85669, 1076.09058, 1135.869629, 1135.869629, 1064.130371, 1064.130371
1080.40027, 1102.69080, 1136.756348, 1136.756348, 1063.243652, 1063.243652
1270.01392, 1125.74365, 1137.524780, 1137.524780, 1062.475220, 1062.475220
1112.10083, 1141.86243, 1138.062134, 1138.062134, 1061.937866, 1061.937866
1182.66223, 1184.72449, 1139.490845, 1139.490845, 1060.509155, 1060.509155
1230.35559, 1198.74414, 1139.958130, 1139.958130, 1060.041870, 1060.041870
1139.87415, 1214.62573, 1140.487549, 1140.487549, 1059.512451, 1059.512451
1260.27185, 1239.71289, 1141.323730, 1141.323730, 1058.676270, 1058.676270
1165.87073, 1256.84265, 1141.894775, 1141.894775, 1058.105225, 1058.105225
1267.82642, 1278.70251, 1142.623413, 1142.623413, 1057.376587, 1057.376587
1262.86902, 1294.88965, 1143.162964, 1143.162964, 1056.837036, 1056.837036
1295.45886, 1314.62915, 1143.820923, 1143.820923, 1056.179077, 1056.179077
1322.83643, 1333.79785, 1144.459961, 1144.459961, 1055.540039, 1055.540039
1383.32788, 1352.65442, 1145.088501, 1145.088501, 1054.911499, 1054.911499
