 22.45565,    4.00020, 1252.191284, 1252.191284, 1347.808716, 1347.808716
 -12.89880,    4.07703, 1253.616211, 1253.616211, 1346.383789, 1346.383789
 -14.96337,    4.21564, 1250.855713, 1250.855713, 1349.144287, 1349.144287
  27.13432,    4.47864, 1245.474731, 1245.474731, 1354.525269, 1354.525269
   0.07371,    4.41031, 1252.853271, 1252.853271, 1347.146729, 1347.146729
  13.21198,    4.59579, 1245.736572, 1245.736572, 1354.263428, 1354.263428
  28.06033,    5.01539, 1236.438843, 1236.438843, 1363.561157, 1363.561157
  14.82041,    5.11166, 1241.846313, 1241.846313, 1358.153687, 1358.153687
  26.04758,    5.30283, 1237.845337, 1237.845337, 1362.154663, 1362.154663
   5.64263,    5.47509, 1236.328735, 1236.328735, 1363.671265, 1363.671265
  14.90790,    5.61130, 1235.551636, 1235.551636, 1364.448364, 1364.448364
  32.75330,    6.12519, 1222.344849, 1222.344849, 1377.655151, 1377.655151
 -10.52546,    6.28432, 1227.689819, 1227.689819, 1372.310181, 1372.310181
  31.61349,    6.53641, 1223.057861, 1223.057861, 1376.942139, 1376.942139
   9.99522,    6.53526, 1228.135132, 1228.135132, 1371.864868, 1371.864868
   4.32000,    6.59006, 1226.413330, 1226.413330, 1373.586670, 1373.586670
   8.20403,    6.60597, 1227.016113, 1227.016113, 1372.983887, 1372.983887
  16.70690,    6.62905, 1226.618774, 1226.618774, 1373.381226, 1373.381226
  15.79494,    6.71247, 1224.494629, 1224.494629, 1375.505371, 1375.505371
  22.50051,    6.95367, 1218.685547, 1218.685547, 1381.314453, 1381.314453
  21.21288,    7.27124, 1213.665039, 1213.665039, 1386.334961, 1386.334961
  13.18372,    7.49250, 1213.157227, 1213.157227, 1386.842773, 1386.842773
  29.08275,    7.75710, 1209.379761, 1209.379761, 1390.620239, 1390.620239
  10.79755,    7.65342, 1217.886108, 1217.886108, 1382.113892, 1382.113892
 -25.28941,    7.30988, 1226.462158, 1226.462158, 1373.537842, 1373.537842
  -8.14194,    6.89789, 1232.362793, 1232.362793, 1367.637207, 1367.637207
 -17.07640,    6.62186, 1232.680176, 1232.680176, 1367.319824, 1367.319824
  45.89447,    7.26260, 1207.296631, 1207.296631, 1392.703369, 1392.703369
   3.89741,    7.05189, 1226.643555, 1226.643555, 1373.356445, 1373.356445
 -40.45030,    6.37647, 1243.367065, 1243.367065, 1356.632935, 1356.632935
   1.63935,    6.35687, 1230.466553, 1230.466553, 1369.533447, 1369.533447
  36.23409,    6.63655, 1221.404541, 1221.404541, 1378.595459, 1378.595459
   5.94637,    6.75893, 1223.204102, 1223.204102, 1376.795898, 1376.795898
  -4.40718,    6.55345, 1232.021484, 1232.021484, 1367.978516, 1367.978516
  -7.72039,    6.22207, 1238.184937, 1238.184937, 1361.815063, 1361.815063
  22.46861,    6.47012, 1223.867676, 1223.867676, 1376.132324, 1376.132324
  -0.18122,    6.23458, 1236.130249, 1236.130249, 1363.869751, 1363.869751
  -7.90389,    6.25338, 1230.837036, 1230.837036, 1369.162964, 1369.162964
 -13.93988,    5.98107, 1239.654419, 1239.654419, 1360.345581, 1360.345581
  16.84762,    6.11166, 1230.159912, 1230.159912, 1369.840088, 1369.840088
 -30.58240,    5.89262, 1239.562012, 1239.562012, 1360.437988, 1360.437988
  39.40812,    6.47044, 1217.268921, 1217.268921, 1382.731079, 1382.731079
  -2.68950,    6.33165, 1233.127563, 1233.127563, 1366.872437, 1366.872437
  31.30479,    6.75575, 1217.204712, 1217.204712, 1382.795288, 1382.795288
  23.90401,    7.02620, 1217.302856, 1217.302856, 1382.697144, 1382.697144
  22.38725,    7.22493, 1216.551392, 1216.551392, 1383.448608, 1383.448608
  14.31184,    7.61182, 1208.531860, 1208.531860, 1391.468140, 1391.468140
  15.02598,    8.03288, 1203.217163, 1203.217163, 1396.782837, 1396.782837
  43.71415,    8.41574, 1199.769653, 1199.769653, 1400.230347, 1400.230347
 -34.28235,    7.99644, 1220.425171, 1220.425171, 1379.574829, 1379.574829
 -18.87811,    7.68535, 1221.682983, 1221.682983, 1378.317017, 1378.317017
  -1.73138,    7.53685, 1220.064575, 1220.064575, 1379.935425, 1379.935425
 -13.51148,    7.17553, 1228.295654, 1228.295654, 1371.704346, 1371.704346
 -12.95802,    6.82930, 1231.802246, 1231.802246, 1368.197754, 1368.197754
  20.23470,    6.45971, 1236.334961, 1236.334961, 1363.665039, 1363.665039
  27.78489,    6.51396, 1227.261353, 1227.261353, 1372.738647, 1372.738647
 -33.58300,    5.90133, 1247.338013, 1247.338013, 1352.661987, 1352.661987
 -12.78240,    5.74896, 1239.808838, 1239.808838, 1360.191162, 1360.191162
  51.70406,    6.07959, 1226.511841, 1226.511841, 1373.488159, 1373.488159
  -9.90493,    6.07350, 1233.313477, 1233.313477, 1366.686523, 1366.686523
   6.43602,    5.79854, 1241.715332, 1241.715332, 1358.284668, 1358.284668
 -21.34538,    5.06585, 1258.929321, 1258.929321, 1341.070679, 1341.070679
  14.00097,    5.18654, 1240.534180, 1240.534180, 1359.465820, 1359.465820
 -22.25067,    4.61276, 1260.735352, 1260.735352, 1339.264648, 1339.264648
  15.45432,    4.67999, 1247.175537, 1247.175537, 1352.824463, 1352.824463
  36.26991,    4.96137, 1239.797241, 1239.797241, 1360.202759, 1360.202759
  17.82617,    4.94406, 1245.961426, 1245.961426, 1354.038574, 1354.038574
   0.96518,    4.72637, 1252.363647, 1252.363647, 1347.636353, 1347.636353
 -30.31313,    4.47115, 1255.921997, 1255.921997, 1344.078003, 1344.078003
  49.35990,    5.05832, 1232.614868, 1232.614868, 1367.385132, 1367.385132
  43.15402,    5.35730, 1235.090210, 1235.090210, 1364.909790, 1364.909790
  14.70621,    5.27664, 1243.570190, 1243.570190, 1356.429810, 1356.429810
 -39.06270,    4.73381, 1258.784668, 1258.784668, 1341.215332, 1341.215332
  30.81308,    5.20783, 1233.233398, 1233.233398, 1366.766602, 1366.766602
  20.08661,    5.21864, 1242.378906, 1242.378906, 1357.621094, 1357.621094
 -25.99453,    5.13724, 1245.118286, 1245.118286, 1354.881714, 1354.881714
 -44.44924,    4.57575, 1260.896484, 1260.896484, 1339.103516, 1339.103516
  23.79567,    4.53682, 1250.873657, 1250.873657, 1349.126343, 1349.126343
 -63.49156,    3.96281, 1267.889160, 1267.889160, 1332.110840, 1332.110840
  10.20474,    3.84550, 1260.045654, 1260.045654, 1339.954346, 1339.954346
 -59.84278,    3.06814, 1281.797729, 1281.797729, 1318.202271, 1318.202271
 -40.42987,    2.73887, 1276.457520, 1276.457520, 1323.542480, 1323.542480
   7.65167,    3.01513, 1261.308350, 1261.308350, 1338.691650, 1338.691650
  -5.07364,    3.10233, 1264.130493, 1264.130493, 1335.869507, 1335.869507
  17.90549,    3.38546, 1257.097412, 1257.097412, 1342.902588, 1342.902588
  39.55126,    3.76838, 1250.889282, 1250.889282, 1349.110718, 1349.110718
  16.48331,    3.83000, 1256.637695, 1256.637695, 1343.362305, 1343.362305
  16.55963,    3.89606, 1255.822144, 1255.822144, 1344.177856, 1344.177856
  -8.09730,    3.75416, 1261.542236, 1261.542236, 1338.457764, 1338.457764
  -0.03927,    3.74565, 1258.968018, 1258.968018, 1341.031982, 1341.031982
  10.98044,    3.88596, 1254.448120, 1254.448120, 1345.551880, 1345.551880
   2.76862,    3.82076, 1259.275513, 1259.275513, 1340.724487, 1340.724487
  -1.63462,    3.79112, 1258.890625, 1258.890625, 1341.109375, 1341.109375
   0.87602,    3.77468, 1258.807251, 1258.807251, 1341.192749, 1341.192749
  14.17348,    4.01631, 1250.988159, 1250.988159, 1349.011841, 1349.011841
  12.30837,    4.17453, 1250.915527, 1250.915527, 1349.084473, 1349.084473
  30.36031,    4.44374, 1245.734619, 1245.734619, 1354.265381, 1354.265381
   1.26086,    4.54302, 1248.041138, 1248.041138, 1351.958862, 1351.958862
  12.48054,    4.59929, 1248.282349, 1248.282349, 1351.717651, 1351.717651
 -20.31614,    4.39444, 1255.758301, 1255.758301, 1344.241699, 1344.241699
 -31.65288,    4.48404, 1248.883667, 1248.883667, 1351.116333, 1351.116333
  18.78740,    4.76008, 1242.118286, 1242.118286, 1357.881714, 1357.881714
 168.85434,    6.43013, 1195.867798, 1195.867798, 1404.132202, 1404.132202
   3.94265,    6.36673, 1231.233765, 1231.233765, 1368.766235, 1368.766235
  29.67871,    6.74222, 1218.325806, 1218.325806, 1381.674194, 1381.674194
  16.23378,    6.82317, 1223.326172, 1223.326172, 1376.673828, 1376.673828
  20.87496,    7.14739, 1214.894409, 1214.894409, 1385.105591, 1385.105591
  16.11753,    7.16097, 1220.957764, 1220.957764, 1379.042236, 1379.042236
  40.34064,    7.42972, 1212.897949, 1212.897949, 1387.102051, 1387.102051
  14.10449,    7.60654, 1212.791504, 1212.791504, 1387.208496, 1387.208496
 -14.74323,    7.45956, 1220.884399, 1220.884399, 1379.115601, 1379.115601
  25.05063,    7.67429, 1211.288208, 1211.288208, 1388.711792, 1388.711792
  -6.86092,    7.31754, 1226.641968, 1226.641968, 1373.358032, 1373.358032
 -34.59509,    6.72996, 1237.722168, 1237.722168, 1362.277832, 1362.277832
  10.82255,    6.40128, 1236.159546, 1236.159546, 1363.840454, 1363.840454
 -18.88274,    5.91920, 1244.530273, 1244.530273, 1355.469727, 1355.469727
  36.45813,    6.24455, 1224.802979, 1224.802979, 1375.197021, 1375.197021
   5.64466,    5.66717, 1249.208740, 1249.208740, 1350.791260, 1350.791260
  37.96025,    5.70451, 1236.503540, 1236.503540, 1363.496460, 1363.496460
  -4.53218,    5.42187, 1246.012329, 1246.012329, 1353.987671, 1353.987671
  -3.01565,    5.25611, 1245.497803, 1245.497803, 1354.502197, 1354.502197
  20.16343,    5.21270, 1243.528564, 1243.528564, 1356.471436, 1356.471436
  19.50334,    5.05579, 1247.524658, 1247.524658, 1352.475342, 1352.475342
 -21.24846,    4.56309, 1259.659912, 1259.659912, 1340.340088, 1340.340088
 -19.08601,    4.18151, 1261.635132, 1261.635132, 1338.364868, 1338.364868
   8.34933,    4.11315, 1256.122559, 1256.122559, 1343.877441, 1343.877441
  58.26839,    4.60216, 1239.596069, 1239.596069, 1360.403931, 1360.403931
  44.94197,    4.89285, 1240.364990, 1240.364990, 1359.635010, 1359.635010
  21.78001,    4.83188, 1248.068726, 1248.068726, 1351.931274, 1351.931274
  39.74738,    4.88703, 1245.139648, 1245.139648, 1354.860352, 1354.860352
  28.01459,    4.84914, 1247.417236, 1247.417236, 1352.582764, 1352.582764
  -6.22437,    4.46937, 1258.432251, 1258.432251, 1341.567749, 1341.567749
 -38.56125,    3.87232, 1269.345581, 1269.345581, 1330.654419, 1330.654419
 -39.08138,    3.36345, 1273.179443, 1273.179443, 1326.820557, 1326.820557
  27.49340,    3.67587, 1253.317017, 1253.317017, 1346.682983, 1346.682983
  37.27385,    4.15446, 1244.729004, 1244.729004, 1355.270996, 1355.270996
  27.15786,    4.43382, 1245.640869, 1245.640869, 1354.359131, 1354.359131
  42.60054,    4.82100, 1239.225342, 1239.225342, 1360.774658, 1360.774658
  49.39255,    5.25073, 1233.647339, 1233.647339, 1366.352661, 1366.352661
  30.28801,    5.50683, 1234.302734, 1234.302734, 1365.697266, 1365.697266
 -36.89617,    5.04058, 1253.878662, 1253.878662, 1346.121338, 1346.121338
 -44.76070,    4.55310, 1259.665527, 1259.665527, 1340.334473, 1340.334473
 -21.12363,    4.45430, 1252.978760, 1252.978760, 1347.021240, 1347.021240
  17.46962,    4.84964, 1238.747070, 1238.747070, 1361.252930, 1361.252930
  -1.20909,    5.00927, 1241.705566, 1241.705566, 1358.294434, 1358.294434
 -23.43639,    4.97044, 1246.101685, 1246.101685, 1353.898315, 1353.898315
  16.37502,    5.33918, 1233.894409, 1233.894409, 1366.105591, 1366.105591
  34.40796,    5.89763, 1223.957031, 1223.957031, 1376.042969, 1376.042969
  26.23986,    6.19937, 1225.772095, 1225.772095, 1374.227905, 1374.227905
 -39.35510,    5.74089, 1246.019775, 1246.019775, 1353.980225, 1353.980225
 -49.13287,    5.25596, 1251.883179, 1251.883179, 1348.116821, 1348.116821
  -1.10363,    5.41350, 1237.300659, 1237.300659, 1362.699341, 1362.699341
  29.49092,    5.88217, 1225.922729, 1225.922729, 1374.077271, 1374.077271
  24.53362,    6.24527, 1224.040161, 1224.040161, 1375.959839, 1375.959839
  -7.70565,    6.17101, 1233.604004, 1233.604004, 1366.395996, 1366.395996
   5.18316,    6.15540, 1232.602661, 1232.602661, 1367.397339, 1367.397339
  15.18770,    6.21624, 1230.404541, 1230.404541, 1369.595459, 1369.595459
  19.45473,    6.43966, 1224.695190, 1224.695190, 1375.304810, 1375.304810
   8.68591,    6.46987, 1228.227295, 1228.227295, 1371.772705, 1371.772705
   0.08595,    6.32449, 1233.338257, 1233.338257, 1366.661743, 1366.661743
  11.38989,    6.24958, 1232.752808, 1232.752808, 1367.247192, 1367.247192
 -12.18444,    5.89366, 1242.288330, 1242.288330, 1357.711670, 1357.711670
 -31.06446,    5.40102, 1250.441650, 1250.441650, 1349.558350, 1349.558350
   5.78834,    4.94997, 1254.571167, 1254.571167, 1345.428833, 1345.428833
 -35.58133,    4.36499, 1263.684692, 1263.684692, 1336.315308, 1336.315308
  18.61437,    4.37698, 1251.613647, 1251.613647, 1348.386353, 1348.386353
  10.78889,    4.03880, 1262.336792, 1262.336792, 1337.663208, 1337.663208
 -54.39340,    3.19312, 1281.789185, 1281.789185, 1318.210815, 1318.210815
 -35.80981,    2.62548, 1282.472412, 1282.472412, 1317.527588, 1317.527588
  38.31327,    2.91673, 1262.091187, 1262.091187, 1337.908813, 1337.908813
  31.22396,    3.17445, 1259.926514, 1259.926514, 1340.073486, 1340.073486
  17.70729,    3.11113, 1267.044067, 1267.044067, 1332.955933, 1332.955933
  14.86686,    3.18755, 1263.408691, 1263.408691, 1336.591309, 1336.591309
   7.89173,    2.98757, 1271.136108, 1271.136108, 1328.863892, 1328.863892
  47.27155,    2.65735, 1277.373779, 1277.373779, 1322.626221, 1322.626221
 -26.48054,    2.04025, 1289.899170, 1289.899170, 1310.100830, 1310.100830
 -27.20802,    1.46570, 1295.368408, 1295.368408, 1304.631592, 1304.631592
  36.02769,    1.82911, 1272.611694, 1272.611694, 1327.388306, 1327.388306
  -0.51552,    1.61137, 1286.629639, 1286.629639, 1313.370361, 1313.370361
 -24.96759,    1.34658, 1290.483398, 1290.483398, 1309.516602, 1309.516602
  13.38781,    1.50313, 1280.334595, 1280.334595, 1319.665405, 1319.665405
  27.99015,    1.69544, 1277.503906, 1277.503906, 1322.496094, 1322.496094
  18.61630,    1.84964, 1276.569946, 1276.569946, 1323.430054, 1323.430054
   1.88131,    1.88557, 1278.540039, 1278.540039, 1321.459961, 1321.459961
 -16.77746,    1.79133, 1282.180298, 1282.180298, 1317.819702, 1317.819702
  18.16486,    1.88673, 1277.337891, 1277.337891, 1322.662109, 1322.662109
   9.42382,    1.95608, 1277.096191, 1277.096191, 1322.903809, 1322.903809
  27.98459,    2.31846, 1267.249390, 1267.249390, 1332.750610, 1332.750610
  10.99376,    2.31976, 1274.456665, 1274.456665, 1325.543335, 1325.543335
  14.38488,    2.37791, 1272.679932, 1272.679932, 1327.320068, 1327.320068
 -14.91311,    2.24036, 1278.106934, 1278.106934, 1321.893066, 1321.893066
   8.31719,    2.35478, 1271.809204, 1271.809204, 1328.190796, 1328.190796
  25.10088,    2.63451, 1265.425659, 1265.425659, 1334.574341, 1334.574341
   2.38405,    2.75756, 1267.205933, 1267.205933, 1332.794067, 1332.794067
 -30.94872,    1.90590, 1296.068359, 1296.068359, 1303.931641, 1303.931641
 -11.28165,    1.65484, 1286.817993, 1286.817993, 1313.182007, 1313.182007
  -4.18762,    1.50611, 1286.407471, 1286.407471, 1313.592529, 1313.592529
  -7.31718,    1.21689, 1292.398682, 1292.398682, 1307.601318, 1307.601318
  -1.03047,    1.03214, 1292.341553, 1292.341553, 1307.658447, 1307.658447
  -2.72439,    0.71594, 1298.448608, 1298.448608, 1301.551392, 1301.551392
  -3.38991,    0.51520, 1298.347534, 1298.347534, 1301.652466, 1301.652466
  11.66946,    0.07366, 1308.020386, 1308.020386, 1291.979614, 1291.979614
 -21.32100,   -0.31054, 1311.100220, 1311.100220, 1288.899780, 1288.899780
 -21.08078,   -0.58435, 1311.904053, 1311.904053, 1288.095947, 1288.095947
 -10.61931,   -0.75795, 1311.809326, 1311.809326, 1288.190674, 1288.190674
 -36.07777,   -1.24270, 1323.364868, 1323.364868, 1276.635132, 1276.635132
  31.05599,   -0.94101, 1304.317139, 1304.317139, 1295.682861, 1295.682861
 -38.77591,   -1.30222, 1321.548706, 1321.548706, 1278.451294, 1278.451294
  40.91546,   -0.95021, 1303.412109, 1303.412109, 1296.587891, 1296.587891
  34.75979,   -0.63709, 1300.745483, 1300.745483, 1299.254517, 1299.254517
  19.16191,   -0.55796, 1304.554932, 1304.554932, 1295.445068, 1295.445068
  35.99592,   -0.22843, 1295.922363, 1295.922363, 1304.077637, 1304.077637
  36.16819,    0.08727, 1292.725952, 1292.725952, 1307.274048, 1307.274048
 -42.40800,   -0.26210, 1309.870361, 1309.870361, 1290.129639, 1290.129639
 -19.54769,   -0.36620, 1306.110229, 1306.110229, 1293.889771, 1293.889771
  -1.45491,   -0.29472, 1301.812378, 1301.812378, 1298.187622, 1298.187622
  17.87998,   -0.15104, 1298.787964, 1298.787964, 1301.212036, 1301.212036
  10.80557,    0.04904, 1295.458862, 1295.458862, 1304.541138, 1304.541138
   8.66527,    0.16669, 1295.813477, 1295.813477, 1304.186523, 1304.186523
 -10.23317,    0.85085, 1276.957397, 1276.957397, 1323.042603, 1323.042603
 -23.14423,    0.77610, 1292.957764, 1292.957764, 1307.042236, 1307.042236
  -1.10720,    0.98187, 1285.084106, 1285.084106, 1314.915894, 1314.915894
  -2.25519,    1.16152, 1283.630371, 1283.630371, 1316.369629, 1316.369629
  15.94974,    1.59043, 1273.927002, 1273.927002, 1326.072998, 1326.072998
  -4.26598,    1.72438, 1278.352905, 1278.352905, 1321.647095, 1321.647095
 -35.19224,    1.57686, 1285.604858, 1285.604858, 1314.395142, 1314.395142
 -27.79441,    1.93156, 1271.658813, 1271.658813, 1328.341187, 1328.341187
 -22.35526,    1.99176, 1276.886841, 1276.886841, 1323.113159, 1323.113159
 -15.25233,    2.12187, 1274.057007, 1274.057007, 1325.942993, 1325.942993
   2.77411,    2.67407, 1259.541260, 1259.541260, 1340.458740, 1340.458740
  -5.29792,    3.24707, 1252.822144, 1252.822144, 1347.177856, 1347.177856
   9.74444,    4.40214, 1228.474976, 1228.474976, 1371.525024, 1371.525024
  23.68668,    4.88026, 1236.754761, 1236.754761, 1363.245239, 1363.245239
   6.11387,    5.20540, 1236.237793, 1236.237793, 1363.762207, 1363.762207
  -1.62481,    5.41772, 1236.158569, 1236.158569, 1363.841431, 1363.841431
  -6.98760,    5.70070, 1231.632568, 1231.632568, 1368.367432, 1368.367432
  -4.42862,    6.00427, 1227.881592, 1227.881592, 1372.118408, 1372.118408
   9.10254,    6.59927, 1215.508179, 1215.508179, 1384.491821, 1384.491821
   5.34322,    7.20895, 1208.508057, 1208.508057, 1391.491943, 1391.491943
   8.92699,    8.65220, 1175.960693, 1175.960693, 1424.039307, 1424.039307
  16.26054,    9.67686, 1173.061401, 1173.061401, 1426.938599, 1426.938599
  41.23070,   10.60856, 1164.671631, 1164.671631, 1435.328369, 1435.328369
 -53.46694,   10.87450, 1175.061768, 1175.061768, 1424.938232, 1424.938232
 -14.10126,   10.72886, 1184.895264, 1184.895264, 1415.104736, 1415.104736
  31.81687,   10.88181, 1177.241333, 1177.241333, 1422.758667, 1422.758667
   0.12802,   10.58619, 1189.464233, 1189.464233, 1410.535767, 1410.535767
  15.15588,   10.18023, 1196.136597, 1196.136597, 1403.863403, 1403.863403
  24.52692,    9.41078, 1211.870239, 1211.870239, 1388.129761, 1388.129761
 -31.54676,    8.38360, 1228.324097, 1228.324097, 1371.675903, 1371.675903
  31.52569,    7.62701, 1231.234619, 1231.234619, 1368.765381, 1368.765381
  31.01274,    7.27886, 1226.895752, 1226.895752, 1373.104248, 1373.104248
 -17.08001,    6.52973, 1243.155396, 1243.155396, 1356.844604, 1356.844604
  20.23102,    5.97475, 1245.377441, 1245.377441, 1354.622559, 1354.622559
 -30.21904,    5.27737, 1255.896606, 1255.896606, 1344.103394, 1344.103394
  13.52953,    4.78989, 1257.060913, 1257.060913, 1342.939087, 1342.939087
   9.99499,    4.54532, 1254.892700, 1254.892700, 1345.107300, 1345.107300
 -14.88343,    4.18181, 1261.270386, 1261.270386, 1338.729614, 1338.729614
  37.73230,    4.09901, 1256.567017, 1256.567017, 1343.432983, 1343.432983
  21.05566,    4.18146, 1252.354736, 1252.354736, 1347.645264, 1347.645264
   1.02802,    3.49089, 1275.411621, 1275.411621, 1324.588379, 1324.588379
 -32.51386,    3.11733, 1273.180664, 1273.180664, 1326.819336, 1326.819336
  -3.32985,    2.93700, 1271.299683, 1271.299683, 1328.700317, 1328.700317
  25.63787,    3.36434, 1254.445312, 1254.445312, 1345.554688, 1345.554688
 -19.07891,    3.25350, 1266.428223, 1266.428223, 1333.571777, 1333.571777
  14.00423,    3.64687, 1252.016968, 1252.016968, 1347.983032, 1347.983032
  18.26482,    4.14656, 1244.394165, 1244.394165, 1355.605835, 1355.605835
  36.05966,    4.85328, 1232.479370, 1232.479370, 1367.520630, 1367.520630
  16.43729,    5.39104, 1229.943481, 1229.943481, 1370.056519, 1370.056519
   8.57409,    5.75478, 1229.422485, 1229.422485, 1370.577515, 1370.577515
 -10.51764,    5.91382, 1231.767212, 1231.767212, 1368.232788, 1368.232788
 -40.23657,    5.84563, 1237.061768, 1237.061768, 1362.938232, 1362.938232
 -26.76737,    5.99355, 1231.112671, 1231.112671, 1368.887329, 1368.887329
   7.59886,    6.67036, 1213.089722, 1213.089722, 1386.910278, 1386.910278
  36.61971,    7.47195, 1201.776855, 1201.776855, 1398.223145, 1398.223145
  18.45187,    8.04217, 1200.131714, 1200.131714, 1399.868286, 1399.868286
   9.78269,    8.38214, 1200.996948, 1200.996948, 1399.003052, 1399.003052
  20.13022,    8.87234, 1192.600098, 1192.600098, 1407.399902, 1407.399902
  -4.51062,    9.25137, 1190.654297, 1190.654297, 1409.345703, 1409.345703
 -27.26208,    9.39849, 1193.674194, 1193.674194, 1406.325806, 1406.325806
   5.18692,    9.78500, 1184.634766, 1184.634766, 1415.365234, 1415.365234
  50.63941,   10.66446, 1165.101685, 1165.101685, 1434.898315, 1434.898315
  30.76209,   11.11761, 1168.643433, 1168.643433, 1431.356567, 1431.356567
 -57.84438,   10.91822, 1183.887207, 1183.887207, 1416.112793, 1416.112793
  26.86252,   11.19363, 1171.361816, 1171.361816, 1428.638184, 1428.638184
 -17.76233,   11.09684, 1179.870483, 1179.870483, 1420.129517, 1420.129517
 -22.83226,   10.87237, 1184.893433, 1184.893433, 1415.106567, 1415.106567
  39.89849,   11.15249, 1171.720215, 1171.720215, 1428.279785, 1428.279785
 -43.92459,   10.45775, 1198.859619, 1198.859619, 1401.140381, 1401.140381
  42.04814,   10.69811, 1177.513428, 1177.513428, 1422.486572, 1422.486572
 -33.28625,    9.74852, 1211.758057, 1211.758057, 1388.241943, 1388.241943
  46.79007,   10.00940, 1184.678955, 1184.678955, 1415.321045, 1415.321045
  25.19386,    9.67303, 1200.324097, 1200.324097, 1399.675903, 1399.675903
 -30.15489,    8.95445, 1215.872803, 1215.872803, 1384.127197, 1384.127197
  20.30240,    8.43536, 1217.592651, 1217.592651, 1382.407349, 1382.407349
  48.55599,    8.13339, 1216.572266, 1216.572266, 1383.427734, 1383.427734
  12.86775,    7.30612, 1236.177979, 1236.177979, 1363.822021, 1363.822021
 -18.74412,    6.43070, 1246.770752, 1246.770752, 1353.229248, 1353.229248
  -9.52693,    5.64838, 1253.514160, 1253.514160, 1346.485840, 1346.485840
  51.41159,    5.30224, 1248.598389, 1248.598389, 1351.401611, 1351.401611
  -7.40135,    4.29965, 1272.755615, 1272.755615, 1327.244385, 1327.244385
  51.02131,    4.56138, 1244.590332, 1244.590332, 1355.409668, 1355.409668
  19.19273,    4.19708, 1261.118164, 1261.118164, 1338.881836, 1338.881836
  12.21535,    3.84119, 1264.864746, 1264.864746, 1335.135254, 1335.135254
 -13.82634,    3.26040, 1275.751221, 1275.751221, 1324.248779, 1324.248779
  11.12783,    3.04985, 1270.662720, 1270.662720, 1329.337280, 1329.337280
  -9.71356,    2.99289, 1268.217285, 1268.217285, 1331.782715, 1331.782715
   3.71455,    2.98225, 1267.407959, 1267.407959, 1332.592041, 1332.592041
  -5.24257,    2.92732, 1268.898071, 1268.898071, 1331.101929, 1331.101929
  -2.33356,    2.97886, 1266.201660, 1266.201660, 1333.798340, 1333.798340
  43.07964,    3.60957, 1247.680542, 1247.680542, 1352.319458, 1352.319458
  16.66741,    4.12145, 1244.426636, 1244.426636, 1355.573364, 1355.573364
  10.67562,    4.51431, 1242.485229, 1242.485229, 1357.514771, 1357.514771
  48.19167,    5.55353, 1218.126953, 1218.126953, 1381.873047, 1381.873047
  21.60095,    6.43731, 1211.513916, 1211.513916, 1388.486084, 1388.486084
  25.80877,    7.16657, 1206.582642, 1206.582642, 1393.417358, 1393.417358
  46.00415,    8.24030, 1187.882080, 1187.882080, 1412.117920, 1412.117920
 -19.73974,   10.02372, 1154.070801, 1154.070801, 1445.929199, 1445.929199
  42.72947,   11.25612, 1151.534668, 1151.534668, 1448.465332, 1448.465332
  47.93137,   12.41043, 1140.399170, 1140.399170, 1459.600830, 1459.600830
   9.30872,   13.08319, 1142.629639, 1142.629639, 1457.370361, 1457.370361
 -22.18653,   13.35373, 1147.698242, 1147.698242, 1452.301758, 1452.301758
  40.40266,   14.54301, 1116.241089, 1116.241089, 1483.758911, 1483.758911
  52.20886,   15.94421, 1096.589844, 1096.589844, 1503.410156, 1503.410156
  -2.06146,   17.30661, 1082.379272, 1082.379272, 1517.620728, 1517.620728
  28.32822,   18.57030, 1070.452881, 1070.452881, 1529.547119, 1529.547119
  56.93734,   19.46814, 1067.893677, 1067.893677, 1532.106323, 1532.106323
   4.08387,   19.60349, 1081.654785, 1081.654785, 1518.345215, 1518.345215
  52.60976,   20.20628, 1065.675049, 1065.675049, 1534.324951, 1534.324951
 -33.17994,   19.78310, 1090.849609, 1090.849609, 1509.150391, 1509.150391
  43.45982,   19.89390, 1078.951050, 1078.951050, 1521.048950, 1521.048950
  26.00875,   19.91838, 1080.408203, 1080.408203, 1519.591797, 1519.591797
   5.60358,   19.47524, 1094.635132, 1094.635132, 1505.364868, 1505.364868
  36.14434,   19.28275, 1091.739624, 1091.739624, 1508.260376, 1508.260376
  39.33831,   18.76845, 1103.832886, 1103.832886, 1496.167114, 1496.167114
  21.48881,   18.29236, 1108.305664, 1108.305664, 1491.694336, 1491.694336
 -11.07240,   16.29207, 1160.792969, 1160.792969, 1439.207031, 1439.207031
 165.57716,   17.15388, 1094.071289, 1094.071289, 1505.928711, 1505.928711
  14.04205,   16.39764, 1134.750854, 1134.750854, 1465.249146, 1465.249146
  42.69400,   15.77081, 1139.057617, 1139.057617, 1460.942383, 1460.942383
 -14.10577,   14.68919, 1160.051392, 1160.051392, 1439.948608, 1439.948608
  40.19581,   13.71794, 1168.527710, 1168.527710, 1431.472290, 1431.472290
 -14.27824,   12.64059, 1182.500366, 1182.500366, 1417.499634, 1417.499634
 -20.26126,   10.88904, 1215.251587, 1215.251587, 1384.748413, 1384.748413
  18.33389,    9.69262, 1217.309448, 1217.309448, 1382.690552, 1382.690552
  24.56063,    8.45009, 1231.899536, 1231.899536, 1368.100464, 1368.100464
  36.87681,    5.04510, 1312.603760, 1312.603760, 1287.396240, 1287.396240
  28.34535,    4.19492, 1270.859375, 1270.859375, 1329.140625, 1329.140625
  -6.12872,    3.00150, 1290.852051, 1290.852051, 1309.147949, 1309.147949
  15.97043,    1.13354, 1324.890137, 1324.890137, 1275.109863, 1275.109863
   3.04225,   -0.23714, 1330.022095, 1330.022095, 1269.977905, 1269.977905
 -50.33527,   -2.11474, 1360.814087, 1360.814087, 1239.185913, 1239.185913
  46.63788,   -2.92896, 1348.502930, 1348.502930, 1251.497070, 1251.497070
  19.70160,   -3.52353, 1350.650391, 1350.650391, 1249.349609, 1249.349609
   2.42771,   -3.93569, 1351.535767, 1351.535767, 1248.464233, 1248.464233
   7.77913,   -4.17365, 1350.669312, 1350.669312, 1249.330688, 1249.330688
  34.51324,   -3.88336, 1336.911133, 1336.911133, 1263.088867, 1263.088867
  57.04884,   -2.89797, 1312.169922, 1312.169922, 1287.830078, 1287.830078
   6.54443,   -2.15520, 1308.851685, 1308.851685, 1291.148315, 1291.148315
  30.59124,   -0.65330, 1277.148438, 1277.148438, 1322.851562, 1322.851562
  -2.42661,    0.15817, 1282.030762, 1282.030762, 1317.969238, 1317.969238
  -3.51859,    1.48987, 1256.977417, 1256.977417, 1343.022583, 1343.022583
   3.80367,    2.71897, 1245.509399, 1245.509399, 1354.490601, 1354.490601
  16.08175,    4.37271, 1218.825317, 1218.825317, 1381.174683, 1381.174683
  17.61265,    6.08575, 1198.796021, 1198.796021, 1401.203979, 1401.203979
 -18.57528,    7.24530, 1197.110840, 1197.110840, 1402.889160, 1402.889160
 -22.01849,    8.12201, 1193.123779, 1193.123779, 1406.876221, 1406.876221
 -18.55913,    9.71966, 1161.130737, 1161.130737, 1438.869263, 1438.869263
 -37.95224,   10.69087, 1162.976318, 1162.976318, 1437.023682, 1437.023682
 -37.05828,   12.97707, 1111.528320, 1111.528320, 1488.471680, 1488.471680
  -8.86966,   13.78800, 1132.113281, 1132.113281, 1467.886719, 1467.886719
  -4.07471,   14.64751, 1121.687134, 1121.687134, 1478.312866, 1478.312866
 -19.15925,   15.23959, 1120.522949, 1120.522949, 1479.477051, 1479.477051
  -5.40801,   16.02092, 1108.143433, 1108.143433, 1491.856567, 1491.856567
  14.21281,   16.64978, 1104.275146, 1104.275146, 1495.724854, 1495.724854
  -9.05179,   17.26544, 1097.766724, 1097.766724, 1502.233276, 1502.233276
   4.13741,   17.73930, 1095.390503, 1095.390503, 1504.609497, 1504.609497
   5.06975,   18.02229, 1096.095215, 1096.095215, 1503.904785, 1503.904785
 -36.81997,   17.73509, 1110.658081, 1110.658081, 1489.341919, 1489.341919
 -36.14836,   17.22685, 1120.669312, 1120.669312, 1479.330688, 1479.330688
 -11.11282,   16.66772, 1127.837891, 1127.837891, 1472.162109, 1472.162109
 -28.80502,   15.80917, 1143.270020, 1143.270020, 1456.729980, 1456.729980
  44.61106,   15.52849, 1134.800293, 1134.800293, 1465.199707, 1465.199707
  -5.72338,   14.34584, 1165.848511, 1165.848511, 1434.151489, 1434.151489
  45.54378,   13.88796, 1156.390137, 1156.390137, 1443.609863, 1443.609863
   9.89648,   12.76788, 1181.954956, 1181.954956, 1418.045044, 1418.045044
 -30.94734,   11.12227, 1210.567139, 1210.567139, 1389.432861, 1389.432861
 -49.78111,    9.01890, 1242.859619, 1242.859619, 1357.140381, 1357.140381
  46.44338,    7.04995, 1261.829468, 1261.829468, 1338.170532, 1338.170532
 -16.91996,    5.63815, 1266.216431, 1266.216431, 1333.783569, 1333.783569
  36.91440,    4.58295, 1270.691406, 1270.691406, 1329.308594, 1329.308594
  44.13244,    3.50016, 1283.154175, 1283.154175, 1316.845825, 1316.845825
  57.96096,    2.22585, 1301.001831, 1301.001831, 1298.998169, 1298.998169
   8.90938,    0.88780, 1316.995239, 1316.995239, 1283.004761, 1283.004761
   8.07622,   -0.75704, 1341.224365, 1341.224365, 1258.775635, 1258.775635
   9.90390,   -2.09493, 1349.801758, 1349.801758, 1250.198242, 1250.198242
  40.48127,   -2.40052, 1332.517700, 1332.517700, 1267.482300, 1267.482300
  17.03076,   -3.00711, 1345.210083, 1345.210083, 1254.789917, 1254.789917
  20.06837,   -3.30922, 1342.443481, 1342.443481, 1257.556519, 1257.556519
  32.21445,   -3.37183, 1338.342285, 1338.342285, 1261.657715, 1261.657715
  -0.34384,   -3.51558, 1341.546387, 1341.546387, 1258.453613, 1258.453613
 -25.82485,   -3.87283, 1349.746216, 1349.746216, 1250.253784, 1250.253784
 -60.86573,   -4.48344, 1361.530029, 1361.530029, 1238.469971, 1238.469971
 -21.59028,   -4.36091, 1345.519531, 1345.519531, 1254.480469, 1254.480469
  44.12796,   -3.60395, 1324.504150, 1324.504150, 1275.495850, 1275.495850
  21.47128,   -2.98238, 1320.374634, 1320.374634, 1279.625366, 1279.625366
  -3.09527,   -2.53499, 1318.937256, 1318.937256, 1281.062744, 1281.062744
 -29.02117,   -2.20587, 1317.682251, 1317.682251, 1282.317749, 1282.317749
 -46.08069,   -2.02766, 1318.739990, 1318.739990, 1281.260010, 1281.260010
 -20.16885,   -1.58507, 1308.583984, 1308.583984, 1291.416016, 1291.416016
 -58.57414,   -1.29746, 1308.520020, 1308.520020, 1291.479980, 1291.479980
 -73.26215,   -1.24723, 1312.714844, 1312.714844, 1287.285156, 1287.285156
   0.65781,    0.27687, 1266.472290, 1266.472290, 1333.527710, 1333.527710
  10.58314,    2.03766, 1242.370239, 1242.370239, 1357.629761, 1357.629761
  26.71350,    3.31629, 1237.947998, 1237.947998, 1362.052002, 1362.052002
  -4.52528,    4.58097, 1224.315552, 1224.315552, 1375.684448, 1375.684448
  -4.68753,    5.57100, 1218.918457, 1218.918457, 1381.081543, 1381.081543
 -25.60267,    6.98648, 1194.839111, 1194.839111, 1405.160889, 1405.160889
  17.95172,    8.74252, 1168.711426, 1168.711426, 1431.288574, 1431.288574
  22.91963,   10.04353, 1163.500977, 1163.500977, 1436.499023, 1436.499023
   4.23789,   11.44673, 1146.022095, 1146.022095, 1453.977905, 1453.977905
   0.83101,   12.86393, 1130.152588, 1130.152588, 1469.847412, 1469.847412
   3.64735,   14.59109, 1104.954834, 1104.954834, 1495.045166, 1495.045166
   3.41884,   16.05327, 1094.170288, 1094.170288, 1505.829712, 1505.829712
  -7.98937,   17.11050, 1090.640015, 1090.640015, 1509.359985, 1509.359985
 -16.83299,   18.05930, 1082.371582, 1082.371582, 1517.628418, 1517.628418
   5.98694,   18.84427, 1077.013550, 1077.013550, 1522.986450, 1522.986450
  -1.92295,   19.21479, 1081.227051, 1081.227051, 1518.772949, 1518.772949
  16.80813,   19.67424, 1074.394287, 1074.394287, 1525.605713, 1525.605713
  19.99447,   19.92688, 1075.751587, 1075.751587, 1524.248413, 1524.248413
 -32.89211,   19.55030, 1092.478149, 1092.478149, 1507.521851, 1507.521851
  15.95544,   19.48228, 1087.055176, 1087.055176, 1512.944824, 1512.944824
  17.26880,   19.22771, 1093.586548, 1093.586548, 1506.413452, 1506.413452
 -51.29783,   18.16159, 1121.544922, 1121.544922, 1478.455078, 1478.455078
  52.45194,   18.01963, 1104.623291, 1104.623291, 1495.376709, 1495.376709
  29.78386,   17.22348, 1126.464722, 1126.464722, 1473.535278, 1473.535278
 -26.36894,   15.63135, 1159.897827, 1159.897827, 1440.102173, 1440.102173
  26.36034,   14.87703, 1151.438965, 1151.438965, 1448.561035, 1448.561035
 -20.82228,   13.60232, 1175.868774, 1175.868774, 1424.131226, 1424.131226
  -1.18059,   12.42760, 1186.790894, 1186.790894, 1413.209106, 1413.209106
   9.38459,   11.21068, 1201.020752, 1201.020752, 1398.979248, 1398.979248
 -14.26812,    9.74353, 1222.164185, 1222.164185, 1377.835815, 1377.835815
  10.98954,    8.58564, 1228.715942, 1228.715942, 1371.284058, 1371.284058
   6.11547,    7.49760, 1239.287109, 1239.287109, 1360.712891, 1360.712891
  46.89093,    7.16578, 1227.812744, 1227.812744, 1372.187256, 1372.187256
  57.90702,    6.84107, 1231.242432, 1231.242432, 1368.757568, 1368.757568
  18.35745,    6.60241, 1232.146729, 1232.146729, 1367.853271, 1367.853271
   9.87458,    6.36981, 1234.584229, 1234.584229, 1365.415771, 1365.415771
  57.04974,    6.84658, 1215.152100, 1215.152100, 1384.847900, 1384.847900
  20.65700,    7.21005, 1213.420044, 1213.420044, 1386.579956, 1386.579956
  49.08813,    7.79818, 1202.457397, 1202.457397, 1397.542603, 1397.542603
 -26.27691,    7.53238, 1222.459839, 1222.459839, 1377.540161, 1377.540161
   2.47552,    8.00532, 1202.482544, 1202.482544, 1397.517456, 1397.517456
  -2.53220,    8.55809, 1194.805786, 1194.805786, 1405.194214, 1405.194214
  53.39132,    9.33302, 1181.838135, 1181.838135, 1418.161865, 1418.161865
   1.00828,    9.47301, 1192.997070, 1192.997070, 1407.002930, 1407.002930
  80.08263,   10.55103, 1162.378418, 1162.378418, 1437.621582, 1437.621582
  49.54995,   11.31947, 1160.116943, 1160.116943, 1439.883057, 1439.883057
  63.61948,   12.22573, 1147.391724, 1147.391724, 1452.608276, 1452.608276
 -35.68080,   11.87715, 1176.322876, 1176.322876, 1423.677124, 1423.677124
  45.46537,   12.34782, 1154.760498, 1154.760498, 1445.239502, 1445.239502
  48.46516,   12.80391, 1150.035278, 1150.035278, 1449.964722, 1449.964722
   5.51908,   12.90936, 1155.887939, 1155.887939, 1444.112061, 1444.112061
 -13.13188,   12.80474, 1161.240234, 1161.240234, 1438.759766, 1438.759766
 -20.24759,   12.52998, 1167.665405, 1167.665405, 1432.334595, 1432.334595
  20.16661,   12.91125, 1150.350830, 1150.350830, 1449.649170, 1449.649170
  64.98495,   13.54253, 1138.406494, 1138.406494, 1461.593506, 1461.593506
 -18.83546,   13.30087, 1158.523804, 1158.523804, 1441.476196, 1441.476196
  -4.82648,   13.32958, 1152.800415, 1152.800415, 1447.199585, 1447.199585
  68.50475,   14.09382, 1129.682983, 1129.682983, 1470.317017, 1470.317017
  61.87878,   14.79140, 1123.343018, 1123.343018, 1476.656982, 1476.656982
 -11.61699,   14.69825, 1140.182373, 1140.182373, 1459.817627, 1459.817627
  14.19994,   15.12334, 1125.141479, 1125.141479, 1474.858521, 1474.858521
  23.47169,   15.40402, 1124.942139, 1124.942139, 1475.057861, 1475.057861
-177.40567,   14.06763, 1171.984009, 1171.984009, 1428.015991, 1428.015991
  -3.43128,   14.30318, 1137.953979, 1137.953979, 1462.046021, 1462.046021
  18.83671,   14.79768, 1127.335693, 1127.335693, 1472.664307, 1472.664307
  46.72179,   15.49549, 1115.593262, 1115.593262, 1484.406738, 1484.406738
 -15.63681,   15.57653, 1127.037598, 1127.037598, 1472.962402, 1472.962402
  17.43725,   16.07545, 1113.191528, 1113.191528, 1486.808472, 1486.808472
 -32.34013,   15.86153, 1129.801636, 1129.801636, 1470.198364, 1470.198364
   6.69883,   16.20611, 1114.841187, 1114.841187, 1485.158813, 1485.158813
  71.16299,   16.98041, 1097.729736, 1097.729736, 1502.270264, 1502.270264
 -17.67291,   16.91152, 1115.350952, 1115.350952, 1484.649048, 1484.649048
  33.01786,   17.24137, 1103.748169, 1103.748169, 1496.251831, 1496.251831
 -57.85064,   16.59122, 1130.499390, 1130.499390, 1469.500610, 1469.500610
  17.95059,   16.72548, 1113.334717, 1113.334717, 1486.665283, 1486.665283
  22.14447,   16.67174, 1117.685547, 1117.685547, 1482.314453, 1482.314453
 -12.11918,   16.35917, 1126.300537, 1126.300537, 1473.699463, 1473.699463
  48.79976,   16.51233, 1115.301270, 1115.301270, 1484.698730, 1484.698730
 -25.88112,   15.89402, 1137.531982, 1137.531982, 1462.468018, 1462.468018
  30.24149,   15.72238, 1130.486694, 1130.486694, 1469.513306, 1469.513306
 -23.49110,   14.95854, 1150.732910, 1150.732910, 1449.267090, 1449.267090
  -3.45357,   14.28128, 1156.451050, 1156.451050, 1443.548950, 1443.548950
  30.70059,   13.94345, 1153.378662, 1153.378662, 1446.621338, 1446.621338
   6.78626,   13.29603, 1166.691895, 1166.691895, 1433.308105, 1433.308105
  17.46544,   12.65248, 1173.693726, 1173.693726, 1426.306274, 1426.306274
  -9.03788,   11.69059, 1190.641479, 1190.641479, 1409.358521, 1409.358521
  36.31781,   11.22472, 1185.845337, 1185.845337, 1414.154663, 1414.154663
   8.52663,   10.27421, 1205.993896, 1205.993896, 1394.006104, 1394.006104
  24.52926,    9.64874, 1206.373291, 1206.373291, 1393.626709, 1393.626709
   7.08275,    8.61398, 1225.941284, 1225.941284, 1374.058716, 1374.058716
 -27.12089,    7.32537, 1245.193359, 1245.193359, 1354.806641, 1354.806641
  19.86799,    6.51583, 1244.516602, 1244.516602, 1355.483398, 1355.483398
  38.34800,    5.85813, 1248.714722, 1248.714722, 1351.285278, 1351.285278
  -9.59211,    4.61833, 1273.994263, 1273.994263, 1326.005737, 1326.005737
 -14.98790,    3.44600, 1285.540649, 1285.540649, 1314.459351, 1314.459351
  39.51617,    2.58954, 1288.644287, 1288.644287, 1311.355713, 1311.355713
  24.24332,    1.85928, 1294.153198, 1294.153198, 1305.846802, 1305.846802
   0.96383,    0.59697, 1318.679321, 1318.679321, 1281.320679, 1281.320679
  27.70654,   -0.01393, 1312.371460, 1312.371460, 1287.628540, 1287.628540
  -3.91174,   -1.13262, 1334.832642, 1334.832642, 1265.167358, 1265.167358
  23.24036,   -1.66089, 1328.835327, 1328.835327, 1271.164673, 1271.164673
  46.11547,   -1.99302, 1328.565674, 1328.565674, 1271.434326, 1271.434326
  34.10160,   -2.67550, 1343.080078, 1343.080078, 1256.919922, 1256.919922
   5.04989,   -3.67711, 1360.480469, 1360.480469, 1239.519531, 1239.519531
  37.88130,   -4.60028, 1369.066406, 1369.066406, 1230.933594, 1230.933594
 -16.37676,   -5.40894, 1375.671509, 1375.671509, 1224.328491, 1224.328491
   3.87049,   -5.89260, 1374.491821, 1374.491821, 1225.508179, 1225.508179
 -23.57289,   -6.46130, 1382.448120, 1382.448120, 1217.551880, 1217.551880
  26.80202,   -6.42516, 1369.953979, 1369.953979, 1230.046021, 1230.046021
  14.03891,   -6.40797, 1370.143921, 1370.143921, 1229.856079, 1229.856079
 -16.45079,   -6.70780, 1379.782593, 1379.782593, 1220.217407, 1220.217407
 -18.14468,   -6.85822, 1378.448853, 1378.448853, 1221.551147, 1221.551147
 -25.74002,   -6.89255, 1376.504395, 1376.504395, 1223.495605, 1223.495605
 -28.87912,   -6.85156, 1374.547241, 1374.547241, 1225.452759, 1225.452759
  -2.19794,   -6.47530, 1363.703247, 1363.703247, 1236.296753, 1236.296753
  34.35847,   -5.37257, 1337.043579, 1337.043579, 1262.956421, 1262.956421
  16.14836,   -4.53565, 1333.153809, 1333.153809, 1266.846191, 1266.846191
  18.24945,   -3.57642, 1320.156006, 1320.156006, 1279.843994, 1279.843994
  -6.22067,   -2.80523, 1315.433716, 1315.433716, 1284.566284, 1284.566284
 -21.26104,   -2.17742, 1311.395630, 1311.395630, 1288.604370, 1288.604370
  -8.89261,   -1.14262, 1291.872803, 1291.872803, 1308.127197, 1308.127197
  18.97111,    0.00893, 1276.870728, 1276.870728, 1323.129272, 1323.129272
 -15.82251,    0.80473, 1275.231934, 1275.231934, 1324.768066, 1324.768066
  -4.26658,    1.95090, 1255.616577, 1255.616577, 1344.383423, 1344.383423
  -4.58044,    3.09151, 1243.181274, 1243.181274, 1356.818726, 1356.818726
   9.20332,    4.29534, 1228.674561, 1228.674561, 1371.325439, 1371.325439
 -11.99104,    5.18437, 1225.191284, 1225.191284, 1374.808716, 1374.808716
 -31.34053,    6.16734, 1212.499756, 1212.499756, 1387.500244, 1387.500244
  22.54969,    7.64306, 1186.411987, 1186.411987, 1413.588013, 1413.588013
 -11.66194,    8.59873, 1186.300537, 1186.300537, 1413.699463, 1413.699463
 -37.23054,    9.11494, 1189.411621, 1189.411621, 1410.588379, 1410.588379
 -19.55188,   10.06654, 1170.235962, 1170.235962, 1429.764038, 1429.764038
 -25.38453,   10.70173, 1169.577271, 1169.577271, 1430.422729, 1430.422729
 -21.19788,   11.38251, 1161.176758, 1161.176758, 1438.823242, 1438.823242
  12.90773,   12.25807, 1147.650146, 1147.650146, 1452.349854, 1452.349854
   2.47272,   13.17547, 1136.721680, 1136.721680, 1463.278320, 1463.278320
  10.70324,   13.63578, 1140.800171, 1140.800171, 1459.199829, 1459.199829
  20.43857,   14.29979, 1129.422241, 1129.422241, 1470.577759, 1470.577759
  -0.99040,   14.36412, 1140.708008, 1140.708008, 1459.291992, 1459.291992
  19.82730,   14.55146, 1136.187012, 1136.187012, 1463.812988, 1463.812988
 -28.35577,   14.19540, 1150.971802, 1150.971802, 1449.028198, 1449.028198
   9.16038,   14.15609, 1145.069214, 1145.069214, 1454.930786, 1454.930786
 -12.40882,   13.79577, 1155.452759, 1155.452759, 1444.547241, 1444.547241
  -5.99207,   13.39391, 1160.704346, 1160.704346, 1439.295654, 1439.295654
   1.81408,   12.98689, 1165.284424, 1165.284424, 1434.715576, 1434.715576
  12.20316,   12.40300, 1175.244995, 1175.244995, 1424.755005, 1424.755005
   2.27848,   11.57257, 1189.310303, 1189.310303, 1410.689697, 1410.689697
  -3.75030,   10.84520, 1195.250122, 1195.250122, 1404.749878, 1404.749878
 -27.36403,    9.60729, 1219.078003, 1219.078003, 1380.921997, 1380.921997
  19.23774,    9.01579, 1212.656372, 1212.656372, 1387.343628, 1387.343628
   6.42035,    8.32735, 1222.168091, 1222.168091, 1377.831909, 1377.831909
  24.30514,    7.68646, 1228.266724, 1228.266724, 1371.733276, 1371.733276
  15.73093,    7.07828, 1234.302490, 1234.302490, 1365.697510, 1365.697510
  32.44844,    6.64797, 1235.478516, 1235.478516, 1364.521484, 1364.521484
  23.13885,    6.01892, 1246.372925, 1246.372925, 1353.627075, 1353.627075
  -2.63755,    5.29958, 1256.091309, 1256.091309, 1343.908691, 1343.908691
  36.95554,    4.56061, 1264.612793, 1264.612793, 1335.387207, 1335.387207
  13.15686,    4.44258, 1253.492065, 1253.492065, 1346.507935, 1346.507935
  36.40259,    4.67793, 1243.835938, 1243.835938, 1356.164062, 1356.164062
  22.53795,    4.75294, 1246.217285, 1246.217285, 1353.782715, 1353.782715
   4.29481,    4.73045, 1248.414673, 1248.414673, 1351.585327, 1351.585327
  15.41073,    5.06247, 1237.672607, 1237.672607, 1362.327393, 1362.327393
 -25.71408,    4.98624, 1246.675903, 1246.675903, 1353.324097, 1353.324097
  33.49392,    5.80133, 1219.883789, 1219.883789, 1380.116211, 1380.116211
  32.44997,    6.57839, 1212.096680, 1212.096680, 1387.903320, 1387.903320
  17.95835,    7.13467, 1210.393066, 1210.393066, 1389.606934, 1389.606934
  -3.84571,    7.46152, 1211.386353, 1211.386353, 1388.613647, 1388.613647
  -6.98351,    7.80089, 1207.402588, 1207.402588, 1392.597412, 1392.597412
   0.00245,    8.17291, 1202.657471, 1202.657471, 1397.342529, 1397.342529
 -57.52886,    8.09456, 1212.526855, 1212.526855, 1387.473145, 1387.473145
 -32.12187,    8.65576, 1193.562622, 1193.562622, 1406.437378, 1406.437378
  64.97121,    9.81256, 1168.925903, 1168.925903, 1431.074097, 1431.074097
 -32.82857,   10.13462, 1182.077881, 1182.077881, 1417.922119, 1417.922119
  35.37632,   11.14904, 1157.072266, 1157.072266, 1442.927734, 1442.927734
  29.63981,   11.91836, 1153.511475, 1153.511475, 1446.488525, 1446.488525
  -0.41908,   12.45114, 1152.381958, 1152.381958, 1447.618042, 1447.618042
  50.49155,   13.41612, 1133.123169, 1133.123169, 1466.876831, 1466.876831
  28.34047,   14.05410, 1132.645264, 1132.645264, 1467.354736, 1467.354736
  27.27224,   14.42605, 1133.874512, 1133.874512, 1466.125488, 1466.125488
 -26.47907,   14.18369, 1148.826782, 1148.826782, 1451.173218, 1451.173218
  72.09846,   14.98785, 1119.050415, 1119.050415, 1480.949585, 1480.949585
  29.40681,   15.23311, 1127.530762, 1127.530762, 1472.469238, 1472.469238
  33.05960,   15.40929, 1126.973999, 1126.973999, 1473.026001, 1473.026001
   2.19213,   15.22873, 1136.095093, 1136.095093, 1463.904907, 1463.904907
  16.54705,   15.25671, 1131.616577, 1131.616577, 1468.383423, 1468.383423
  43.85824,   15.56224, 1122.704712, 1122.704712, 1477.295288, 1477.295288
  43.24245,   15.68916, 1124.880981, 1124.880981, 1475.119019, 1475.119019
  -4.83900,   15.55563, 1131.558594, 1131.558594, 1468.441406, 1468.441406
  70.00747,   16.10051, 1111.996826, 1111.996826, 1488.003174, 1488.003174
 -16.91389,   15.72757, 1134.455444, 1134.455444, 1465.544556, 1465.544556
 -12.71207,   15.62351, 1130.222656, 1130.222656, 1469.777344, 1469.777344
  65.88416,   16.16069, 1111.488770, 1111.488770, 1488.511230, 1488.511230
 -23.88628,   15.82200, 1132.731812, 1132.731812, 1467.268188, 1467.268188
  32.39973,   16.18822, 1114.605347, 1114.605347, 1485.394653, 1485.394653
  64.13116,   16.66496, 1107.150513, 1107.150513, 1492.849487, 1492.849487
 -14.96122,   16.54318, 1120.460571, 1120.460571, 1479.539429, 1479.539429
  81.27409,   17.21270, 1097.269897, 1097.269897, 1502.730103, 1502.730103
  14.77606,   17.18922, 1111.388184, 1111.388184, 1488.611816, 1488.611816
  35.58425,   17.43575, 1103.276245, 1103.276245, 1496.723755, 1496.723755
  -3.32507,   17.13594, 1117.500854, 1117.500854, 1482.499146, 1482.499146
  -2.87253,   16.95389, 1117.148193, 1117.148193, 1482.851807, 1482.851807
  34.66219,   16.95668, 1113.420776, 1113.420776, 1486.579224, 1486.579224
 -12.92240,   16.52566, 1126.838135, 1126.838135, 1473.161865, 1473.161865
  16.12776,   16.34219, 1123.905273, 1123.905273, 1476.094727, 1476.094727
 -38.44337,   15.51775, 1145.793457, 1145.793457, 1454.206543, 1454.206543
  22.01033,   15.22769, 1138.296631, 1138.296631, 1461.703369, 1461.703369
  12.91397,   14.81416, 1145.314941, 1145.314941, 1454.685059, 1454.685059
 -17.52170,   14.06854, 1160.158203, 1160.158203, 1439.841797, 1439.841797
  17.06616,   13.63209, 1158.776123, 1158.776123, 1441.223877, 1441.223877
 -14.52476,   12.82635, 1175.025024, 1175.025024, 1424.974976, 1424.974976
  34.62841,   12.46796, 1170.020142, 1170.020142, 1429.979858, 1429.979858
  -1.19234,   11.65235, 1188.136230, 1188.136230, 1411.863770, 1411.863770
 -10.60192,   10.82812, 1197.375366, 1197.375366, 1402.624634, 1402.624634
  41.60384,   10.42420, 1193.412354, 1193.412354, 1406.587646, 1406.587646
  -1.61823,    9.57156, 1211.765381, 1211.765381, 1388.234619, 1388.234619
  28.73203,    8.96340, 1213.565796, 1213.565796, 1386.434204, 1386.434204
   8.34522,    8.14928, 1226.640381, 1226.640381, 1373.359619, 1373.359619
  -3.98046,    7.10485, 1242.735352, 1242.735352, 1357.264648, 1357.264648
  21.47380,    6.46553, 1241.665527, 1241.665527, 1358.334473, 1358.334473
  29.55621,    5.68362, 1253.118408, 1253.118408, 1346.881592, 1346.881592
   7.55568,    4.79612, 1264.992554, 1264.992554, 1335.007446, 1335.007446
   3.02493,    3.74085, 1279.956177, 1279.956177, 1320.043823, 1320.043823
  30.55308,    3.13646, 1277.586670, 1277.586670, 1322.413330, 1322.413330
  -3.43235,    1.93210, 1302.834229, 1302.834229, 1297.165771, 1297.165771
   0.19983,    0.97509, 1308.414185, 1308.414185, 1291.585815, 1291.585815
  -4.60147,   -0.10864, 1322.869629, 1322.869629, 1277.130371, 1277.130371
 -15.01966,   -1.16282, 1333.874634, 1333.874634, 1266.125366, 1266.125366
  32.29068,   -1.76871, 1331.573608, 1331.573608, 1268.426392, 1268.426392
  -1.03224,   -2.66875, 1347.356934, 1347.356934, 1252.643066, 1252.643066
  16.84917,   -3.73111, 1362.289551, 1362.289551, 1237.710449, 1237.710449
  -1.71475,   -4.57849, 1367.310913, 1367.310913, 1232.689087, 1232.689087
  29.74439,   -5.17878, 1368.972534, 1368.972534, 1231.027466, 1231.027466
  15.30625,   -5.77731, 1375.520874, 1375.520874, 1224.479126, 1224.479126
   7.67528,   -6.41546, 1383.333130, 1383.333130, 1216.666870, 1216.666870
 -19.91236,   -7.33568, 1399.096924, 1399.096924, 1200.903076, 1200.903076
 -27.74274,   -8.30050, 1410.601929, 1410.601929, 1189.398071, 1189.398071
 -17.24659,   -9.14288, 1417.419312, 1417.419312, 1182.580688, 1182.580688
  27.86213,   -9.47013, 1410.716309, 1410.716309, 1189.283691, 1189.283691
  11.93394,   -9.56163, 1407.007812, 1407.007812, 1192.992188, 1192.992188
 -42.73384,  -10.14719, 1423.330444, 1423.330444, 1176.669556, 1176.669556
 -36.30538,  -10.36109, 1418.250122, 1418.250122, 1181.749878, 1181.749878
 -11.62426,  -10.04516, 1404.177979, 1404.177979, 1195.822021, 1195.822021
 -17.54377,   -9.74565, 1401.212036, 1401.212036, 1198.787964, 1198.787964
 -27.99768,   -9.49582, 1399.457275, 1399.457275, 1200.542725, 1200.542725
  22.88815,   -8.51289, 1373.983154, 1373.983154, 1226.016846, 1226.016846
  17.11718,   -7.35715, 1357.813843, 1357.813843, 1242.186157, 1242.186157
 -35.43960,   -7.00181, 1369.913086, 1369.913086, 1230.086914, 1230.086914
  -2.97836,   -6.06000, 1347.823853, 1347.823853, 1252.176147, 1252.176147
  17.84660,   -4.81873, 1328.180664, 1328.180664, 1271.819336, 1271.819336
 -38.11123,   -4.09233, 1330.487549, 1330.487549, 1269.512451, 1269.512451
  -1.54084,   -3.08745, 1313.864502, 1313.864502, 1286.135498, 1286.135498
  10.51273,   -1.71705, 1291.479248, 1291.479248, 1308.520752, 1308.520752
 -15.64995,   -0.83286, 1291.477905, 1291.477905, 1308.522095, 1308.522095
 -31.76100,    0.15066, 1278.672119, 1278.672119, 1321.327881, 1321.327881
 -20.59678,    1.27802, 1263.394653, 1263.394653, 1336.605347, 1336.605347
 -37.97391,    2.05598, 1261.825073, 1261.825073, 1338.174927, 1338.174927
 -16.86541,    3.50666, 1232.413086, 1232.413086, 1367.586914, 1367.586914
 -55.09060,    4.04861, 1244.626465, 1244.626465, 1355.373535, 1355.373535
 -42.83382,    4.92476, 1228.304688, 1228.304688, 1371.695312, 1371.695312
 -37.37667,    5.86269, 1216.751831, 1216.751831, 1383.248169, 1383.248169
 -16.38518,    6.97444, 1201.046021, 1201.046021, 1398.953979, 1398.953979
   0.37575,    7.84196, 1196.388306, 1196.388306, 1403.611694, 1403.611694
   6.17328,    8.82155, 1183.371216, 1183.371216, 1416.628784, 1416.628784
  14.39344,   10.22409, 1159.484131, 1159.484131, 1440.515869, 1440.515869
 -13.71108,   10.81351, 1169.262939, 1169.262939, 1430.737061, 1430.737061
 -28.16724,   11.31910, 1165.378418, 1165.378418, 1434.621582, 1434.621582
 -39.09484,   11.52736, 1169.033813, 1169.033813, 1430.966187, 1430.966187
  28.05818,   12.36256, 1147.307739, 1147.307739, 1452.692261, 1452.692261
  23.98820,   12.92245, 1146.655273, 1146.655273, 1453.344727, 1453.344727
  34.39948,   13.55885, 1138.124512, 1138.124512, 1461.875488, 1461.875488
 -48.68850,   13.47459, 1153.464844, 1153.464844, 1446.535156, 1446.535156
  41.75341,   14.14931, 1130.863403, 1130.863403, 1469.136597, 1469.136597
 -47.91713,   13.89962, 1152.097778, 1152.097778, 1447.902222, 1447.902222
 -28.17139,   13.76652, 1151.230225, 1151.230225, 1448.769775, 1448.769775
  22.04691,   13.95310, 1142.784180, 1142.784180, 1457.215820, 1457.215820
  22.55928,   14.03244, 1144.056396, 1144.056396, 1455.943604, 1455.943604
  -2.88399,   13.75538, 1154.232056, 1154.232056, 1445.767944, 1445.767944
 -16.05948,   13.33469, 1161.732056, 1161.732056, 1438.267944, 1438.267944
  41.82305,   13.52009, 1147.571167, 1147.571167, 1452.428833, 1452.428833
 -26.28548,   12.80230, 1173.530518, 1173.530518, 1426.469482, 1426.469482
   8.75808,   12.62536, 1164.660034, 1164.660034, 1435.339966, 1435.339966
  38.69574,   12.59748, 1161.985107, 1161.985107, 1438.014893, 1438.014893
 -12.73637,   11.98252, 1180.491821, 1180.491821, 1419.508179, 1419.508179
  39.46626,   12.03573, 1166.542847, 1166.542847, 1433.457153, 1433.457153
  20.13239,   12.07741, 1166.314941, 1166.314941, 1433.685059, 1433.685059
  33.97821,   12.42364, 1156.415405, 1156.415405, 1443.584595, 1443.584595
   7.36092,   12.89169, 1148.830322, 1148.830322, 1451.169678, 1451.169678
  32.96761,   13.56412, 1137.346069, 1137.346069, 1462.653931, 1462.653931
  45.38608,   14.14929, 1132.654419, 1132.654419, 1467.345581, 1467.345581
  54.51573,   14.84925, 1122.659058, 1122.659058, 1477.340942, 1477.340942
  64.92516,   15.33523, 1121.593018, 1121.593018, 1478.406982, 1478.406982
  75.49566,   15.92369, 1113.070068, 1113.070068, 1486.929932, 1486.929932
   6.30272,   15.46762, 1138.977539, 1138.977539, 1461.022461, 1461.022461
   7.50809,   14.82504, 1149.776123, 1149.776123, 1450.223877, 1450.223877
  51.10987,   14.72194, 1140.120483, 1140.120483, 1459.879517, 1459.879517
  37.13744,   14.21520, 1153.767700, 1153.767700, 1446.232300, 1446.232300
  44.51584,   13.95325, 1151.753174, 1151.753174, 1448.246826, 1448.246826
   2.27598,   13.20612, 1169.675293, 1169.675293, 1430.324707, 1430.324707
  47.90215,   13.16669, 1155.954956, 1155.954956, 1444.045044, 1444.045044
  -9.01382,   12.58647, 1173.153198, 1173.153198, 1426.846802, 1426.846802
  30.95667,   12.42828, 1166.452759, 1166.452759, 1433.547241, 1433.547241
   1.85630,   11.95937, 1177.825073, 1177.825073, 1422.174927, 1422.174927
  26.54724,   11.74434, 1175.112915, 1175.112915, 1424.887085, 1424.887085
  17.53706,   11.45288, 1179.847412, 1179.847412, 1420.152588, 1420.152588
  49.15557,   11.30447, 1178.619263, 1178.619263, 1421.380737, 1421.380737
  60.56956,   11.31304, 1175.385010, 1175.385010, 1424.614990, 1424.614990
  55.75911,   11.33938, 1174.740112, 1174.740112, 1425.259888, 1425.259888
 -21.96030,   10.51033, 1200.967285, 1200.967285, 1399.032715, 1399.032715
  -4.34127,    9.89087, 1203.589600, 1203.589600, 1396.410400, 1396.410400
  45.53409,   10.03033, 1186.877319, 1186.877319, 1413.122681, 1413.122681
  36.28438,    9.79270, 1197.033081, 1197.033081, 1402.966919, 1402.966919
  29.85973,    9.68895, 1195.496582, 1195.496582, 1404.503418, 1404.503418
  55.98857,    9.69436, 1193.253906, 1193.253906, 1406.746094, 1406.746094
  25.24991,    9.56534, 1197.361694, 1197.361694, 1402.638306, 1402.638306
 -18.30507,    8.75916, 1219.772949, 1219.772949, 1380.227051, 1380.227051
  33.15464,    8.79415, 1202.564331, 1202.564331, 1397.435669, 1397.435669
  24.21688,    8.56160, 1210.473511, 1210.473511, 1389.526489, 1389.526489
  48.79697,    8.86462, 1196.428711, 1196.428711, 1403.571289, 1403.571289
  -4.84204,    8.63038, 1209.750610, 1209.750610, 1390.249390, 1390.249390
  -5.50225,    8.30901, 1215.028198, 1215.028198, 1384.971802, 1384.971802
  28.09252,    8.52863, 1201.792725, 1201.792725, 1398.207275, 1398.207275
  -5.80023,    8.33477, 1212.194702, 1212.194702, 1387.805298, 1387.805298
  -5.65337,    8.02270, 1217.991699, 1217.991699, 1382.008301, 1382.008301
  10.01953,    7.93357, 1214.513550, 1214.513550, 1385.486450, 1385.486450
  -0.11955,    7.92231, 1213.079712, 1213.079712, 1386.920288, 1386.920288
 -25.71365,    7.61830, 1222.278687, 1222.278687, 1377.721313, 1377.721313
  -3.70928,    7.16358, 1230.295166, 1230.295166, 1369.704834, 1369.704834
   4.26045,    6.66292, 1236.721191, 1236.721191, 1363.278809, 1363.278809
 -50.85347,    5.85394, 1251.786255, 1251.786255, 1348.213745, 1348.213745
  19.52784,    5.46571, 1247.641846, 1247.641846, 1352.358154, 1352.358154
   0.30770,    4.40227, 1272.843750, 1272.843750, 1327.156250, 1327.156250
 -47.34575,    3.34747, 1284.273926, 1284.273926, 1315.726074, 1315.726074
 -76.17934,    1.65345, 1315.692627, 1315.692627, 1284.307373, 1284.307373
 -35.32256,    0.74400, 1310.004761, 1310.004761, 1289.995239, 1289.995239
  42.79136,    0.51268, 1298.986816, 1298.986816, 1301.013184, 1301.013184
 -11.43867,   -0.37013, 1321.727661, 1321.727661, 1278.272339, 1278.272339
  26.55658,   -0.84691, 1318.851562, 1318.851562, 1281.148438, 1281.148438
  25.25740,   -1.20885, 1320.536255, 1320.536255, 1279.463745, 1279.463745
   0.70621,   -2.30311, 1347.219360, 1347.219360, 1252.780640, 1252.780640
 -16.81566,   -3.98222, 1377.386597, 1377.386597, 1222.613403, 1222.613403
 -32.40398,   -4.82557, 1369.948120, 1369.948120, 1230.051880, 1230.051880
 -44.82381,   -5.80121, 1383.326050, 1383.326050, 1216.673950, 1216.673950
 -23.81521,   -6.38564, 1381.930542, 1381.930542, 1218.069458, 1218.069458
 -22.72404,   -7.07649, 1391.658325, 1391.658325, 1208.341675, 1208.341675
 -30.83002,   -7.59175, 1393.814575, 1393.814575, 1206.185425, 1206.185425
  41.28880,   -7.14386, 1369.624390, 1369.624390, 1230.375610, 1230.375610
  18.82906,   -6.93146, 1371.998047, 1371.998047, 1228.001953, 1228.001953
   2.63271,   -6.92067, 1375.911499, 1375.911499, 1224.088501, 1224.088501
  41.32884,   -6.38156, 1359.414917, 1359.414917, 1240.585083, 1240.585083
   2.56804,   -6.16027, 1363.337280, 1363.337280, 1236.662720, 1236.662720
   4.80357,   -5.87814, 1359.016968, 1359.016968, 1240.983032, 1240.983032
 -11.50025,   -5.70358, 1359.248169, 1359.248169, 1240.751831, 1240.751831
 -20.32788,   -5.47361, 1355.610352, 1355.610352, 1244.389648, 1244.389648
 -32.47739,   -5.54546, 1362.436890, 1362.436890, 1237.563110, 1237.563110
 -55.72392,   -5.30342, 1353.496582, 1353.496582, 1246.503418, 1246.503418
  22.86431,   -4.57215, 1335.668457, 1335.668457, 1264.331543, 1264.331543
  62.42609,   -2.97749, 1300.859009, 1300.859009, 1299.140991, 1299.140991
  35.20647,   -2.04465, 1303.834351, 1303.834351, 1296.165649, 1296.165649
 -22.08589,   -1.32771, 1300.266235, 1300.266235, 1299.733765, 1299.733765
  43.32106,    0.14847, 1268.843018, 1268.843018, 1331.156982, 1331.156982
  21.38511,    1.09467, 1269.034668, 1269.034668, 1330.965332, 1330.965332
 -12.29328,    2.00706, 1259.674561, 1259.674561, 1340.325439, 1340.325439
  28.62667,    3.08939, 1244.370117, 1244.370117, 1355.629883, 1355.629883
  26.56427,    4.47796, 1222.971069, 1222.971069, 1377.028931, 1377.028931
  29.81735,    7.67003, 1151.788208, 1151.788208, 1448.211792, 1448.211792
   4.29243,    8.63379, 1185.753174, 1185.753174, 1414.246826, 1414.246826
  44.19735,   10.58739, 1144.466797, 1144.466797, 1455.533203, 1455.533203
  25.91682,   11.73661, 1147.912720, 1147.912720, 1452.087280, 1452.087280
 -18.16569,   12.56499, 1145.217651, 1145.217651, 1454.782349, 1454.782349
  -1.41491,   13.66620, 1127.647461, 1127.647461, 1472.352539, 1472.352539
 -30.48659,   14.09757, 1136.299561, 1136.299561, 1463.700439, 1463.700439
 -48.63384,   14.42777, 1134.690552, 1134.690552, 1465.309448, 1465.309448
  57.31144,   16.14451, 1088.075562, 1088.075562, 1511.924438, 1511.924438
 -26.87000,   16.80225, 1102.020386, 1102.020386, 1497.979614, 1497.979614
   9.48349,   17.45384, 1094.975830, 1094.975830, 1505.024170, 1505.024170
   1.04812,   18.24360, 1083.525024, 1083.525024, 1516.474976, 1516.474976
  65.37314,   19.65882, 1055.448608, 1055.448608, 1544.551392, 1544.551392
 -14.68626,   20.79956, 1048.390137, 1048.390137, 1551.609863, 1551.609863
  54.51177,   21.69347, 1043.493530, 1043.493530, 1556.506470, 1556.506470
  34.19894,   22.62200, 1032.587524, 1032.587524, 1567.412476, 1567.412476
 -28.31557,   22.88289, 1043.070435, 1043.070435, 1556.929565, 1556.929565
  18.04398,   23.61551, 1025.576904, 1025.576904, 1574.423096, 1574.423096
  50.11808,   24.27471, 1019.794312, 1019.794312, 1580.205688, 1580.205688
  -5.38698,   24.03530, 1040.399902, 1040.399902, 1559.600098, 1559.600098
  56.94592,   24.26189, 1028.587280, 1028.587280, 1571.412720, 1571.412720
  50.74082,   24.26457, 1033.036133, 1033.036133, 1566.963867, 1566.963867
  38.76743,   24.00110, 1041.257324, 1041.257324, 1558.742676, 1558.742676
  75.23315,   23.88117, 1039.705688, 1039.705688, 1560.294312, 1560.294312
  35.52752,   23.08124, 1062.105103, 1062.105103, 1537.894897, 1537.894897
  11.19578,   22.15522, 1074.812988, 1074.812988, 1525.187012, 1525.187012
  38.35944,   21.35910, 1080.972290, 1080.972290, 1519.027710, 1519.027710
  32.92719,   20.91288, 1078.882568, 1078.882568, 1521.117432, 1521.117432
  43.74323,   20.56165, 1080.846436, 1080.846436, 1519.153564, 1519.153564
  15.30353,   20.11582, 1087.642456, 1087.642456, 1512.357544, 1512.357544
  33.35918,   19.62042, 1094.083496, 1094.083496, 1505.916504, 1505.916504
  44.26143,   19.30087, 1094.081421, 1094.081421, 1505.918579, 1505.918579
   7.27904,   17.44736, 1145.149170, 1145.149170, 1454.850830, 1454.850830
  54.56988,   16.96866, 1122.918823, 1122.918823, 1477.081177, 1477.081177
  17.86650,   16.28119, 1134.656128, 1134.656128, 1465.343872, 1465.343872
  40.96457,   15.16009, 1155.661133, 1155.661133, 1444.338867, 1444.338867
  28.47045,   13.99174, 1169.458008, 1169.458008, 1430.541992, 1430.541992
  35.07625,   12.81202, 1182.661987, 1182.661987, 1417.338013, 1417.338013
  42.79506,   11.67548, 1194.300537, 1194.300537, 1405.699463, 1405.699463
  45.44248,   10.42610, 1210.300537, 1210.300537, 1389.699463, 1389.699463
  67.68998,    9.40849, 1216.858765, 1216.858765, 1383.141235, 1383.141235
  11.32727,    5.71240, 1311.085327, 1311.085327, 1288.914673, 1288.914673
  -6.72751,    4.68933, 1268.878784, 1268.878784, 1331.121216, 1331.121216
  43.35740,    4.00363, 1269.674072, 1269.674072, 1330.325928, 1330.325928
  35.98640,    2.59395, 1299.660156, 1299.660156, 1300.339844, 1300.339844
  28.92039,    2.03579, 1288.769531, 1288.769531, 1311.230469, 1311.230469
 -19.89892,    0.66328, 1320.154297, 1320.154297, 1279.845703, 1279.845703
  38.12748,    0.17867, 1307.726807, 1307.726807, 1292.273193, 1292.273193
  20.46546,   -0.53079, 1320.027710, 1320.027710, 1279.972290, 1279.972290
  10.27886,   -1.24596, 1328.009033, 1328.009033, 1271.990967, 1271.990967
  37.52233,   -2.34323, 1347.720825, 1347.720825, 1252.279175, 1252.279175
  15.38459,   -2.78267, 1339.398193, 1339.398193, 1260.601807, 1260.601807
  13.40703,   -3.05413, 1339.024414, 1339.024414, 1260.975586, 1260.975586
  51.15281,   -2.91191, 1329.186768, 1329.186768, 1270.813232, 1270.813232
  33.85700,   -2.79373, 1328.367554, 1328.367554, 1271.632446, 1271.632446
 -10.95636,   -3.18831, 1342.963013, 1342.963013, 1257.036987, 1257.036987
 -27.41928,   -3.72823, 1351.808838, 1351.808838, 1248.191162, 1248.191162
  -4.63470,   -3.91587, 1346.827393, 1346.827393, 1253.172607, 1253.172607
  18.76509,   -3.78610, 1339.051636, 1339.051636, 1260.948364, 1260.948364
 -33.07617,   -4.45466, 1362.372559, 1362.372559, 1237.627441, 1237.627441
  -6.97233,   -4.75355, 1358.266846, 1358.266846, 1241.733154, 1241.733154
 -26.24580,   -5.02892, 1360.825439, 1360.825439, 1239.174561, 1239.174561
-140.77609,   -6.41031, 1398.141357, 1398.141357, 1201.858643, 1201.858643
 -28.01650,   -6.20658, 1364.197876, 1364.197876, 1235.802124, 1235.802124
 -17.07516,   -5.98699, 1361.464844, 1361.464844, 1238.535156, 1238.535156
 -31.61305,   -5.86180, 1361.975952, 1361.975952, 1238.024048, 1238.024048
 -20.07336,   -5.54574, 1354.682129, 1354.682129, 1245.317871, 1245.317871
 -76.83701,   -5.86186, 1370.802856, 1370.802856, 1229.197144, 1229.197144
 -69.44151,   -6.13528, 1372.956421, 1372.956421, 1227.043579, 1227.043579
 -20.06117,   -5.97422, 1362.495117, 1362.495117, 1237.504883, 1237.504883
 -61.67984,   -6.11994, 1370.233765, 1370.233765, 1229.766235, 1229.766235
   4.26416,   -5.67940, 1353.662598, 1353.662598, 1246.337402, 1246.337402
 -69.55712,   -6.13035, 1376.452881, 1376.452881, 1223.547119, 1223.547119
 -23.58315,   -5.75558, 1355.815796, 1355.815796, 1244.184204, 1244.184204
 -51.38323,   -6.25079, 1378.662964, 1378.662964, 1221.337036, 1221.337036
  -9.33713,   -6.29041, 1369.987061, 1369.987061, 1230.012939, 1230.012939
 -55.51418,   -6.77323, 1384.161865, 1384.161865, 1215.838135, 1215.838135
   2.86847,   -6.59015, 1368.830078, 1368.830078, 1231.169922, 1231.169922
 -21.13540,   -6.63622, 1373.919800, 1373.919800, 1226.080200, 1226.080200
 -40.06874,   -7.00883, 1384.549194, 1384.549194, 1215.450806, 1215.450806
 -55.37549,   -7.46953, 1391.379028, 1391.379028, 1208.620972, 1208.620972
 -21.62089,   -7.52178, 1383.784668, 1383.784668, 1216.215332, 1216.215332
  -5.40692,   -7.35682, 1377.625854, 1377.625854, 1222.374146, 1222.374146
 -47.52786,   -7.59783, 1388.396362, 1388.396362, 1211.603638, 1211.603638
 -38.11316,   -7.61139, 1383.996338, 1383.996338, 1216.003662, 1216.003662
   5.60307,   -7.12463, 1368.635620, 1368.635620, 1231.364380, 1231.364380
 -44.14668,   -7.37906, 1386.258301, 1386.258301, 1213.741699, 1213.741699
 -30.10649,   -7.41751, 1382.361450, 1382.361450, 1217.638550, 1217.638550
 -43.28181,   -7.24951, 1376.384766, 1376.384766, 1223.615234, 1223.615234
 -24.74922,   -7.24771, 1379.688843, 1379.688843, 1220.311157, 1220.311157
 -24.32639,   -7.10538, 1375.312500, 1375.312500, 1224.687500, 1224.687500
 -22.30236,   -6.79946, 1368.675659, 1368.675659, 1231.324341, 1231.324341
  -7.33566,   -6.17407, 1355.407104, 1355.407104, 1244.592896, 1244.592896
 -23.02273,   -5.52603, 1347.825562, 1347.825562, 1252.174438, 1252.174438
 -16.03363,   -4.96523, 1343.401611, 1343.401611, 1256.598389, 1256.598389
  25.75892,   -3.79639, 1318.383545, 1318.383545, 1281.616455, 1281.616455
  42.30843,   -2.24040, 1293.524658, 1293.524658, 1306.475342, 1306.475342
  15.15606,   -0.48143, 1270.116211, 1270.116211, 1329.883789, 1329.883789
 -22.01548,    0.95289, 1260.831787, 1260.831787, 1339.168213, 1339.168213
   1.43043,    2.58055, 1239.060669, 1239.060669, 1360.939331, 1360.939331
 -20.92521,    4.08106, 1225.098022, 1225.098022, 1374.901978, 1374.901978
  -7.05086,    5.84185, 1200.523926, 1200.523926, 1399.476074, 1399.476074
  24.53124,    7.89216, 1172.180054, 1172.180054, 1427.819946, 1427.819946
  33.67180,   10.19852, 1141.689087, 1141.689087, 1458.310913, 1458.310913
  -5.12577,   12.13814, 1127.688110, 1127.688110, 1472.311890, 1472.311890
